1.57
1.60
1.50
1.82
1.89
2.21
2.06
2.18
2.08
1.84
1.92
1.79
1.72
2.14
2.13
2.33
2.00
1.81
2.03
2.21
2.23
2.28
2.15
2.07
2.31
2.17
2.34
2.32
2.14
2.39
2.32
2.35
2.47
2.61
2.83
2.91
2.90
2.62
2.57
2.58
2.47
2.47
2.46
2.21
2.41
2.04
2.06
2.06
1.89
1.92
2.05
1.65
1.79
1.93
2.28
2.44
2.22
2.12
2.26
2.22
2.14
2.06
2.25
2.02
2.20
2.19
1.90
2.14
2.06
2.11
2.07
2.38
2.09
2.08
2.27
2.42
2.38
2.29
2.46
2.43
2.44
2.35
2.27
2.39
2.18
2.47
2.48
2.39
2.51
2.31
2.59
2.17
2.20
1.90
1.91
2.09
2.19
2.14
1.81
1.94
1.75
1.84
1.97
1.73
2.00
2.05
2.39
2.27
2.18
2.41
2.20
2.24
2.47
2.34
2.09
2.41
2.30
2.30
2.00
2.11
2.21
1.99
2.23
2.28
2.43
2.46
2.25
2.29
1.99
2.03
2.02
2.14
1.95
1.88
1.63
1.87
1.93
1.94
2.07
2.19
2.16
2.18
2.33
2.26
2.43
2.41
2.53
2.20
2.02
2.08
2.00
2.14
2.49
2.23
2.47
2.98
2.77
2.54
2.56
3.18
3.15
3.55
3.37
3.31
3.56
3.34
3.31
3.25
3.37
3.46
3.30
3.39
3.24
3.15
3.03
3.45
3.30
3.13
3.16
3.18
3.07
3.12
3.10
3.53
3.44
3.89
4.05
3.78
3.64
3.50
3.42
3.38
3.52
3.56
3.74
3.73
3.66
3.36
3.10
3.04
3.26
3.58
3.75
4.13
3.99
4.17
4.17
4.45
4.64
4.45
4.35
4.29
4.57
4.33
4.62
4.61
4.69
4.82
4.87
4.94
5.12
5.10
5.03
4.80
4.77
4.73
4.97
5.27
5.38
5.28
5.38
5.47
5.50
5.53
5.34
5.16
5.46
5.19
4.79
4.55
4.54
4.63
4.29
4.32
4.15
4.35
4.36
4.31
4.33
4.25
4.63
4.59
4.36
4.41
4.37
4.73
4.82
5.15
5.29
5.20
5.17
4.99
5.15
5.32
5.30
4.98
5.04
5.07
5.47
5.44
5.80
5.74
5.54
5.21
5.17
5.30
5.33
5.53
5.41
5.32
5.23
5.11
5.17
5.08
5.12
4.94
5.19
5.16
5.21
5.38
5.32
5.42
5.21
5.28
4.97
4.89
4.93
5.13
5.16
4.99
5.09
5.28
5.18
5.13
5.12
4.98
4.89
4.74
4.82
4.76
4.70
4.78
4.66
4.76
4.87
4.73
4.94
4.74
4.57
4.77
4.76
4.83
4.91
4.95
4.90
5.06
5.24
4.89
4.92
4.89
4.67
4.72
4.49
4.59
4.54
4.65
4.86
4.33
4.30
4.14
4.18
4.13
4.02
4.24
4.64
4.51
4.29
4.32
4.46
4.48
4.28
4.37
4.06
4.32
4.77
4.97
4.93
4.96
4.94
5.03
4.78
4.86
4.88
4.89
4.91
4.95
4.90
4.55
4.79
4.70
4.91
4.79
5.12
5.23
5.29
5.41
5.52
5.30
5.30
5.48
5.17
5.11
5.02
4.91
4.58
4.55
4.78
4.93
4.71
5.17
5.20
5.33
5.27
5.49
5.28
4.94
5.25
4.79
4.55
4.37
4.39
4.69
4.85
4.61
4.56
4.32
4.39
4.23
4.08
4.24
4.41
4.25
4.23
4.28
4.28
4.08
4.29
4.36
4.60
4.54
4.23
4.07
4.10
4.05
4.11
4.28
4.46
4.50
4.78
4.76
4.67
4.68
4.66
4.53
4.57
4.80
4.86
4.92
4.83
4.60
4.84
4.53
4.59
4.75
4.89
4.90
4.65
4.73
4.60
4.29
4.33
4.18
4.16
4.34
4.55
4.38
4.15
4.31
4.27
4.01
3.92
3.81
3.69
4.15
3.93
4.40
4.57
4.55
4.92
4.94
4.74
4.43
4.13
4.13
4.16
4.46
4.68
4.57
4.21
4.24
4.39
4.28
4.66
4.66
4.58
4.52
4.54
4.64
5.01
4.83
4.88
5.11
4.86
4.98
5.06
4.92
5.07
5.16
5.16
5.07
5.14
4.92
5.37
5.30
4.95
5.12
4.74
4.78
4.87
4.67
4.50
4.81
4.91
4.99
5.10
5.16
5.18
5.27
5.13
5.02
4.97
5.15
5.08
5.31
5.33
4.97
4.97
4.92
5.10
4.98
4.97
4.62
4.70
4.44
4.55
4.72
4.75
4.49
4.83
4.57
4.50
4.55
4.35
4.40
4.46
4.29
4.42
4.13
4.26
4.21
4.34
4.48
4.83
4.70
4.60
4.80
4.42
4.62
4.55
4.56
4.51
4.74
4.79
4.43
4.48
4.61
4.56
4.79
4.75
4.55
4.69
4.55
4.36
4.41
4.83
4.73
4.82
4.55
4.38
4.60
4.19
4.36
4.29
4.29
4.21
4.35
4.06
4.31
4.33
4.54
4.71
4.62
4.66
4.50
4.11
4.32
4.27
4.14
4.08
4.01
4.15
4.29
4.57
4.36
4.08
4.17
4.13
4.47
4.73
4.34
4.32
4.56
4.27
4.34
4.39
4.68
4.25
4.24
4.45
4.50
4.42
4.53
4.73
4.68
4.62
4.36
4.23
4.39
5.05
4.96
5.09
5.05
5.24
5.25
5.28
5.36
5.20
5.23
5.24
5.30
5.20
5.30
5.40
5.67
5.29
5.20
5.17
5.20
5.06
5.16
4.97
5.14
4.98
5.13
5.07
5.28
5.09
5.01
4.86
4.88
4.77
4.84
4.83
5.15
5.08
5.37
5.61
5.21
5.21
5.41
5.50
5.36
5.23
5.25
5.17
4.92
5.36
5.27
5.32
5.23
5.08
4.97
5.11
4.76
4.56
4.82
4.95
4.75
5.11
5.24
5.18
4.88
5.09
5.26
5.26
5.08
5.22
5.10
5.15
5.17
4.51
4.63
4.31
4.02
4.37
4.40
4.40
4.39
4.46
4.45
4.67
4.26
4.26
4.48
4.81
4.65
4.60
4.47
4.53
4.28
4.41
4.47
4.43
4.34
4.46
4.03
4.20
4.17
4.37
4.31
4.40
4.18
4.14
4.41
4.16
4.23
4.16
4.13
4.16
4.10
4.01
4.05
4.09
3.90
4.00
3.93
4.42
4.23
4.21
4.01
4.20
3.87
3.82
3.69
3.69
3.64
3.81
4.08
4.01
4.12
4.14
4.42
4.36
4.44
4.29
4.49
4.83
4.64
5.03
5.20
5.12
5.08
5.06
5.24
4.81
4.80
4.83
4.94
4.87
4.86
4.77
4.56
4.54
4.49
4.38
4.46
4.73
4.45
4.65
4.47
4.33
4.60
4.58
4.69
5.15
5.13
5.28
5.26
5.06
4.92
4.79
5.04
5.03
4.92
5.13
5.16
5.09
5.26
5.15
4.86
4.84
4.79
4.63
4.93
4.93
4.86
5.04
5.17
5.56
5.12
5.08
5.02
5.37
5.33
5.13
4.87
4.82
4.84
4.93
4.77
4.83
4.76
4.88
4.96
4.87
5.03
4.66
4.67
4.62
4.43
4.17
4.39
4.31
4.60
4.58
4.49
4.32
4.58
4.54
4.67
4.82
5.06
5.09
4.68
4.44
4.41
4.48
4.53
4.81
5.00
4.94
4.84
5.11
5.19
4.96
4.86
4.49
4.95
4.81
4.71
4.89
4.95
4.74
4.55
4.57
4.85
4.82
4.47
4.75
5.21
5.07
4.75
5.13
5.08
5.18
4.98
5.26
5.04
5.07
5.08
5.05
5.05
4.51
4.51
4.28
4.50
4.41
4.48
4.42
4.47
4.82
4.64
4.48
4.68
4.73
4.60
4.68
4.43
4.52
4.38
4.36
4.36
4.87
4.98
4.88
4.80
4.22
3.91
3.98
3.95
4.03
4.29
3.94
4.33
3.90
4.05
3.92
4.20
4.08
4.42
4.14
4.13
4.08
4.26
4.45
4.25
4.00
3.93
4.25
4.30
4.42
4.28
4.09
4.23
4.35
4.37
4.13
4.36
4.48
4.53
4.40
4.33
4.15
3.44
3.60
3.75
3.89
3.88
4.06
4.07
4.18
4.68
4.54
4.65
4.81
4.96
4.68
4.59
4.40
4.50
4.03
4.36
4.61
4.81
4.53
4.64
4.68
4.38
4.57
4.46
4.35
4.20
4.50
4.50
4.62
4.44
4.82
4.84
4.64
4.65
4.56
4.55
4.79
4.61
4.27
4.66
4.74
5.03
4.97
4.80
4.72
4.70
4.88
4.99
4.96
5.02
5.14
4.91
5.04
4.68
4.55
4.63
4.64
4.70
4.53
4.52
4.31
4.61
4.59
4.69
4.71
4.45
4.84
4.96
4.85
5.22
4.88
4.70
4.56
4.76
4.46
4.52
4.29
4.52
4.78
4.59
4.58
4.65
4.87
4.95
4.90
4.51
4.63
4.54
4.79
4.95
5.04
4.96
4.72
4.56
4.80
4.78
4.96
5.03
4.71
5.03
5.01
5.23
5.21
5.23
5.35
5.31
4.91
4.79
4.83
4.93
4.77
4.63
4.64
4.86
4.82
4.65
4.70
4.70
4.44
4.56
4.45
4.41
4.13
4.56
4.62
4.46
4.50
4.56
4.47
4.39
4.15
4.51
4.70
4.92
4.94
5.18
5.10
5.32
4.94
4.80
4.60
4.80
4.92
4.61
4.36
4.55
4.58
4.53
4.63
4.75
4.83
4.48
4.38
4.50
4.70
4.73
4.46
4.38
4.42
4.38
4.42
4.74
5.05
4.69
4.76
4.63
4.72
5.07
4.85
4.65
4.45
4.74
4.54
4.80
4.75
4.31
4.29
4.07
3.93
4.13
4.43
4.26
4.42
4.51
4.34
4.29
4.02
4.01
4.00
4.11
4.10
4.12
3.93
4.32
4.32
4.23
4.10
4.54
4.50
4.62
4.64
4.61
4.60
5.18
4.65
4.85
4.98
4.77
4.61
4.78
4.95
5.04
5.01
5.17
4.86
4.77
4.83
5.22
4.88
4.85
4.90
4.76
4.81
5.00
4.83
4.83
4.98
4.78
4.60
4.88
5.02
4.80
4.77
4.65
4.48
4.59
4.90
4.50
4.48
4.11
4.43
4.56
4.88
4.96
4.81
4.77
4.58
4.60
4.79
4.70
4.69
4.58
4.69
4.78
4.59
4.51
4.68
4.65
4.84
4.74
4.86
4.86
4.79
5.05
4.86
4.68
4.65
3.97
4.03
4.21
4.10
4.45
4.59
4.37
4.66
4.17
3.90
3.76
3.96
4.01
3.96
4.25
4.22
4.39
4.25
4.32
4.18
4.33
4.30
4.14
4.48
4.06
3.85
3.96
3.98
4.11
4.03
4.13
4.29
4.36
4.37
4.21
4.16
4.26
4.37
4.46
4.35
4.57
4.42
4.74
4.83
4.92
4.28
4.27
4.44
4.07
4.31
4.45
4.22
3.99
4.02
3.95
4.08
3.98
4.08
4.32
4.44
4.72
4.58
4.65
4.79
4.76
4.71
4.53
4.59
4.22
4.23
4.43
4.41
4.15
4.11
3.99
4.36
4.38
4.59
4.92
4.76
4.94
4.81
4.66
4.49
4.60
4.69
4.82
5.20
5.40
5.36
5.30
5.00
5.08
4.99
5.10
5.11
5.21
4.80
5.15
4.80
5.09
5.15
5.05
4.95
4.96
4.99
4.87
4.88
4.72
4.79
4.79
4.94
5.14
5.24
4.94
5.14
4.93
4.99
4.80
4.60
4.68
4.63
4.58
4.36
4.21
4.47
4.04
4.69
4.50
4.55
4.24
4.04
3.77
3.86
3.78
3.81
4.12
4.54
4.83
4.91
4.92
4.98
5.07
5.03
4.93
5.27
4.86
4.93
4.43
4.09
3.67
3.75
3.80
4.10
4.02
3.72
4.01
3.73
3.87
3.95
4.19
4.30
4.26
4.13
4.20
3.93
3.88
3.84
3.78
3.96
4.11
4.40
4.32
3.99
4.02
4.09
3.75
4.18
4.07
4.01
3.97
3.73
3.77
4.08
3.83
3.71
3.97
4.31
4.52
4.68
4.63
4.86
4.38
4.80
5.10
4.96
4.86
4.84
4.95
5.02
5.25
5.43
5.08
5.09
5.19
4.55
4.75
4.35
4.36
4.17
4.20
4.28
4.17
4.22
4.07
3.88
4.31
4.20
4.38
4.31
4.50
4.57
4.44
4.43
4.53
4.65
4.73
4.72
4.63
4.68
4.63
4.69
4.71
4.62
4.86
4.88
5.03
4.61
4.84
4.54
3.90
3.91
3.93
4.09
4.18
4.25
4.43
4.08
3.81
4.23
4.40
4.70
4.68
4.82
4.93
4.97
4.89
4.46
4.37
4.23
4.27
4.19
4.12
4.17
4.13
3.74
3.74
3.90
4.44
4.34
4.66
4.84
4.80
4.98
4.86
4.73
4.77
4.82
4.77
4.69
4.46
4.77
4.66
4.27
4.32
4.37
4.38
4.48
4.63
4.68
4.52
4.58
4.53
4.54
4.86
5.01
5.09
5.04
4.58
4.49
4.34
4.24
4.35
4.60
4.40
4.20
4.62
4.55
4.39
4.10
4.20
4.26
4.02
4.08
3.78
3.79
3.96
4.03
4.11
4.38
4.51
4.38
4.31
4.19
4.27
4.57
4.51
4.52
4.69
4.81
4.78
4.90
4.67
4.73
4.59
4.58
4.64
4.51
4.67
4.54
4.43
4.37
4.36
4.31
4.21
4.48
4.49
4.42
4.48
4.62
4.48
4.18
4.15
4.09
4.19
4.26
4.06
3.75
4.11
4.16
4.04
3.82
3.95
3.92
3.80
3.97
4.18
4.32
4.15
3.79
4.05
4.00
4.01
4.08
4.12
4.39
4.66
4.62
4.61
4.40
4.40
4.51
4.22
4.05
4.06
4.09
3.98
4.16
4.16
3.81
3.62
3.79
3.66
3.95
3.83
3.90
3.82
3.94
4.02
4.24
4.30
4.22
4.38
4.63
4.06
4.07
3.88
3.68
3.88
3.99
4.00
4.15
4.22
4.15
4.39
4.32
4.03
4.25
4.40
4.39
4.35
4.42
4.44
4.10
4.11
4.14
4.09
4.09
4.22
4.27
4.47
4.39
4.09
4.11
3.87
4.34
4.29
4.15
4.27
4.15
4.43
4.42
4.35
4.41
4.57
4.92
4.46
4.45
4.69
4.73
4.86
4.91
5.17
4.76
4.58
4.91
4.87
4.96
4.93
4.75
4.88
4.85
4.84
4.52
4.73
4.72
4.87
4.72
4.79
4.83
4.84
4.98
4.82
4.82
4.65
4.82
4.65
4.91
5.01
4.77
4.50
4.55
4.44
4.55
4.79
5.04
4.94
5.04
5.10
4.97
4.94
4.79
4.89
4.76
4.88
4.47
4.40
4.25
4.18
4.49
4.64
4.69
4.57
4.72
4.66
4.51
4.57
4.69
4.56
4.54
4.63
4.73
4.71
5.16
4.98
4.78
4.94
4.91
4.81
4.59
4.71
4.98
5.13
5.08
4.93
5.08
4.86
4.50
4.64
4.38
4.45
4.83
4.67
4.81
4.69
4.72
5.03
4.73
4.72
4.70
4.78
4.65
4.53
4.46
4.84
5.06
4.95
4.51
4.45
4.67
4.49
4.81
4.85
4.78
4.65
4.66
4.80
4.85
4.70
4.55
4.88
4.68
4.50
4.49
4.65
4.32
4.46
4.51
4.60
4.57
4.54
4.37
4.65
4.56
4.47
4.13
4.19
4.12
4.12
4.28
4.12
4.21
4.46
4.48
4.37
4.07
4.44
4.37
4.37
4.20
3.91
4.02
4.47
4.76
4.71
4.59
4.85
4.91
4.89
4.87
4.89
5.03
4.80
4.72
4.65
4.62
4.61
4.64
4.83
4.47
4.66
4.64
4.63
5.00
4.97
5.03
5.16
5.28
5.05
5.02
4.88
4.99
4.83
4.49
4.74
4.88
4.93
5.07
5.14
5.01
4.81
4.65
4.77
4.98
4.87
4.85
4.45
4.65
4.65
4.49
4.58
4.49
4.42
4.42
4.62
4.42
4.72
4.51
4.47
4.35
4.23
4.22
4.32
3.98
4.11
4.25
4.32
4.28
4.19
4.33
4.50
4.43
4.64
4.58
4.58
4.28
4.16
4.22
4.24
4.42
4.63
4.87
4.62
4.65
4.63
4.75
4.69
4.59
4.45
4.25
4.08
4.18
4.10
4.22
4.20
4.15
4.33
4.24
4.39
4.31
4.54
4.49
4.28
4.07
4.49
4.37
4.40
4.36
4.40
4.68
4.99
4.59
4.48
4.37
4.60
4.75
4.66
4.59
4.41
4.31
4.21
4.32
4.49
4.48
4.46
4.70
4.65
4.76
4.49
4.65
4.40
4.50
4.40
4.42
4.57
4.61
4.86
4.82
4.70
4.73
4.76
4.95
5.15
4.90
4.89
5.02
5.02
4.59
4.53
4.50
4.36
4.57
4.80
4.85
5.01
5.01
5.01
4.73
4.62
4.74
4.56
4.54
4.58
4.39
4.39
4.57
4.50
4.71
4.78
4.71
4.44
4.25
4.27
4.19
4.24
4.39
4.49
4.62
4.63
5.01
4.80
4.79
4.62
4.44
4.49
4.11
3.77
3.79
3.90
4.07
4.43
4.58
4.78
4.82
4.26
4.39
4.27
4.08
4.29
4.37
4.46
4.37
4.46
4.41
4.71
4.73
5.09
5.37
5.31
5.26
4.90
4.86
4.38
4.69
4.75
5.00
5.28
5.20
5.15
5.46
5.50
5.70
5.84
5.08
5.22
4.85
5.05
5.07
5.34
5.22
5.49
5.29
4.96
5.02
5.16
5.23
5.23
5.15
5.24
4.99
5.21
4.82
4.65
4.73
4.88
5.00
4.81
5.28
5.24
5.03
5.05
5.03
4.89
4.92
4.82
5.00
4.82
4.90
5.17
5.29
5.11
5.26
5.30
5.46
5.43
5.28
5.55
5.65
5.64
5.55
5.44
5.25
4.96
4.66
4.48
4.80
4.49
4.77
4.73
4.66
4.80
4.49
4.40
4.27
4.33
4.64
4.72
4.77
4.82
4.86
4.20
3.88
3.96
4.05
3.56
3.35
3.35
3.43
3.78
3.91
4.19
3.94
4.22
4.40
4.46
4.59
4.48
4.54
4.36
4.42
4.44
4.36
4.23
4.24
3.96
4.14
4.58
4.54
4.42
4.23
4.47
4.31
4.66
4.50
4.49
4.64
4.33
4.22
4.60
4.59
4.35
4.20
4.11
4.15
4.39
4.25
4.49
4.40
4.28
4.67
4.99
4.62
4.23
4.52
4.26
4.36
4.38
4.16
4.00
4.22
4.27
4.43
4.33
4.31
4.29
4.20
4.16
4.21
4.38
4.16
4.36
4.67
4.61
4.53
4.55
4.44
4.69
4.70
4.57
4.81
4.84
4.85
4.90
4.59
4.58
4.50
4.11
4.22
3.95
4.36
4.44
4.32
4.25
4.12
4.29
4.31
4.44
4.62
4.75
4.97
4.80
4.93
5.03
4.84
5.03
4.98
5.00
5.08
4.99
4.62
4.96
4.95
4.70
4.84
4.72
4.81
5.06
5.05
4.94
4.81
5.18
5.17
5.13
5.26
5.45
5.07
5.09
4.99
5.14
5.18
4.92
4.98
5.16
4.89
4.79
4.84
4.54
4.59
4.81
4.63
4.61
4.78
4.69
4.65
4.55
4.52
4.58
4.43
4.44
4.59
4.59
4.53
4.35
4.47
4.73
4.63
4.79
4.60
4.87
4.88
5.16
5.07
4.85
4.49
4.66
4.79
4.76
4.93
4.63
4.61
4.71
4.55
4.38
4.34
4.47
4.62
4.25
4.11
4.46
4.41
4.56
4.60
4.64
4.60
4.77
4.74
4.84
4.90
4.88
4.58
4.58
4.85
5.04
4.99
5.03
4.86
4.54
4.79
4.66
4.92
4.94
5.08
5.03
5.04
5.02
4.74
4.78
4.86
5.01
4.64
4.18
4.31
4.35
4.39
4.57
4.33
4.50
4.26
4.16
4.17
4.23
4.44
4.27
4.27
4.47
4.33
4.40
4.15
4.36
4.05
4.47
4.65
4.79
4.92
4.96
4.91
4.89
5.04
4.99
4.97
5.58
5.23
5.24
5.49
5.36
5.09
5.07
5.13
5.22
5.04
5.12
4.50
4.55
4.28
4.49
4.55
4.56
4.65
4.55
4.78
5.14
4.77
4.88
5.00
5.33
5.24
5.26
5.07
4.96
4.90
5.06
5.02
4.88
4.70
4.83
4.66
4.63
4.74
4.27
4.68
4.16
3.98
4.07
3.85
3.89
3.93
3.71
3.63
4.09
4.09
3.99
3.96
3.79
3.50
3.56
3.75
3.91
4.19
3.97
4.30
4.29
4.38
4.26
4.54
4.41
4.56
4.62
4.78
4.84
4.78
4.77
4.70
4.96
4.60
4.88
4.58
4.49
4.33
4.05
4.10
4.13
4.41
4.51
4.80
5.02
4.80
5.04
4.72
4.88
4.99
4.98
5.20
5.08
5.24
5.10
5.32
5.57
5.25
4.78
4.77
4.77
4.90
4.81
4.85
4.99
5.22
5.18
5.41
5.52
5.53
5.66
5.64
5.64
5.76
5.89
5.51
5.33
5.14
5.31
5.53
5.65
5.46
5.31
5.05
5.03
5.40
5.39
5.35
5.31
5.54
5.39
4.97
5.26
5.22
5.45
5.29
5.31
5.04
4.62
4.80
5.02
5.04
5.04
5.27
5.37
4.98
4.83
4.80
4.99
4.82
5.04
5.05
5.22
5.24
5.30
5.30
5.51
5.55
5.71
5.79
5.94
5.93
5.81
5.82
5.75
5.40
4.97
5.15
5.48
5.12
5.19
5.51
5.54
5.46
5.27
5.22
5.40
5.22
5.07
5.06
5.56
5.30
5.06
5.22
5.10
4.98
4.80
4.90
4.83
4.70
4.76
4.83
4.61
4.81
4.95
4.77
5.13
5.33
5.34
5.59
5.36
5.33
5.50
5.54
5.54
5.70
5.60
5.43
5.32
5.19
5.14
5.23
5.08
5.44
5.24
5.21
5.01
5.05
4.85
4.66
4.42
4.42
4.66
4.50
4.38
4.64
4.52
4.46
4.27
4.38
4.43
4.24
4.50
4.46
4.57
4.67
4.71
4.58
4.60
4.54
4.50
4.43
4.28
4.44
4.51
4.27
4.61
4.68
4.43
4.15
4.24
4.46
4.54
4.62
4.76
4.42
4.60
4.44
4.41
4.81
4.51
4.55
4.85
4.87
4.76
4.88
4.70
4.70
4.81
4.88
5.17
5.05
4.80
4.86
4.95
4.86
4.75
4.69
4.63
4.71
4.76
4.77
4.73
4.74
4.75
4.67
4.46
4.72
4.66
4.43
4.54
4.51
4.47
4.29
4.37
4.15
4.72
4.40
4.47
4.83
4.70
4.71
4.49
4.26
4.29
4.45
4.71
4.39
4.54
4.52
4.48
4.31
4.40
4.29
4.38
4.06
4.12
3.89
3.96
4.04
3.88
3.97
4.18
4.24
4.36
4.46
4.58
4.87
4.79
4.87
4.86
5.11
5.04
5.06
4.89
4.98
5.08
5.45
5.33
5.23
5.17
5.11
5.38
5.17
5.08
4.89
4.72
4.53
4.46
4.51
4.91
4.61
5.10
5.15
5.09
5.14
5.25
5.15
4.90
4.74
4.76
4.81
5.07
4.85
5.14
5.26
4.96
4.86
4.94
5.27
5.14
5.55
5.45
5.71
5.65
6.11
5.96
5.88
5.24
5.32
5.53
5.45
5.14
4.84
4.71
4.76
4.93
5.03
5.11
5.22
5.07
5.11
5.40
5.26
4.81
4.81
4.96
4.95
5.03
4.83
5.39
5.17
4.81
4.68
4.66
4.79
4.73
4.84
4.62
4.60
4.78
4.73
4.88
4.51
4.74
5.02
5.29
5.39
5.29
5.10
5.26
5.10
5.21
5.06
4.60
4.69
4.73
4.73
4.74
4.61
4.99
5.04
5.03
4.88
4.95
5.03
5.05
4.89
5.03
5.01
5.26
5.10
5.09
5.16
5.39
5.15
4.80
4.56
4.53
4.61
4.45
4.46
4.48
4.25
3.75
4.17
4.20
3.65
3.55
3.43
3.42
3.24
3.08
3.14
3.62
3.96
3.93
4.12
4.02
4.39
4.45
4.77
4.80
4.78
4.81
4.61
4.64
4.41
4.32
4.02
4.32
4.20
4.38
4.49
4.45
4.74
4.96
5.02
4.93
4.98
5.03
5.15
5.18
4.90
5.02
5.03
4.91
4.94
4.92
4.88
4.61
4.50
4.44
4.23
4.70
4.87
5.19
5.10
5.01
5.20
5.28
5.39
5.28
5.11
5.18
5.27
5.23
5.01
4.86
4.76
5.20
5.12
5.34
5.11
4.98
4.92
5.34
5.33
5.22
5.39
5.36
5.25
5.03
4.93
4.89
5.01
5.20
5.13
5.04
4.77
4.81
4.78
4.74
4.76
4.68
4.69
4.94
4.95
5.22
5.25
5.31
5.16
5.41
5.11
5.03
4.83
4.58
4.48
4.83
4.89
4.72
4.50
4.95
5.02
5.03
4.21
4.37
4.33
4.36
4.56
4.46
4.38
5.13
5.01
4.91
4.85
4.58
5.10
4.80
4.89
5.00
5.10
4.87
4.60
4.39
4.26
4.39
4.24
4.44
4.47
4.65
4.69
4.62
4.84
4.94
4.59
4.70
4.70
4.80
4.48
4.85
4.64
4.82
4.93
4.76
4.85
5.09
5.00
4.93
4.74
4.64
4.30
3.92
3.89
4.04
4.07
3.91
4.04
3.91
3.89
3.94
4.10
3.64
3.66
3.90
3.35
3.62
3.43
3.53
3.53
3.82
3.73
3.82
4.18
4.25
4.08
4.22
4.03
4.14
4.20
4.09
4.02
4.09
4.33
4.24
4.20
4.32
4.39
4.52
4.60
4.18
4.24
4.12
4.10
4.11
4.40
4.47
4.38
4.46
4.48
3.99
4.17
4.18
4.29
4.25
4.57
4.62
4.74
4.50
4.26
3.98
3.91
4.12
3.90
3.77
4.17
4.02
4.03
4.02
4.15
3.92
3.82
3.85
3.85
3.98
3.84
3.95
3.98
4.19
4.39
4.50
4.43
4.70
4.88
5.16
5.19
5.21
4.86
4.88
4.66
4.65
4.62
4.47
4.43
4.64
4.47
4.55
4.87
4.89
4.55
4.29
4.22
4.01
3.89
3.91
4.05
4.40
4.45
4.24
4.29
4.39
4.55
4.52
4.49
4.65
4.93
4.92
4.79
4.84
4.67
4.45
4.94
4.87
4.94
4.73
4.66
4.67
4.66
4.59
4.60
4.52
4.47
4.55
4.67
4.74
4.79
4.86
4.75
4.92
5.03
5.20
5.46
5.47
5.28
4.94
4.79
4.72
4.81
4.70
4.37
4.13
4.60
4.74
4.56
4.25
4.17
4.38
4.52
4.27
4.27
4.06
4.17
4.22
4.46
4.32
4.30
4.66
4.94
4.95
4.99
4.68
4.66
4.42
4.21
4.18
4.31
4.48
4.67
4.60
4.50
4.49
4.39
4.30
4.35
4.31
4.25
4.32
4.48
4.36
4.78
4.61
5.07
5.00
5.13
5.32
5.16
5.36
5.44
5.33
5.25
5.07
4.81
4.77
4.67
5.13
5.38
5.47
5.14
5.15
5.28
5.22
5.24
4.94
4.82
4.88
4.80
4.76
4.84
4.84
4.76
4.81
4.73
4.61
4.26
4.75
4.46
4.41
4.49
4.45
4.69
4.81
4.93
4.66
4.77
4.45
4.33
4.08
3.93
3.92
4.28
4.32
4.48
4.54
4.44
4.38
4.45
4.22
4.08
4.23
4.45
4.46
4.45
4.34
4.04
4.23
4.30
4.20
4.17
4.03
4.27
4.17
3.86
3.94
3.94
4.08
4.04
3.98
4.45
4.54
4.43
4.44
4.46
4.57
4.40
4.38
4.13
3.88
3.61
3.84
4.01
4.07
4.03
4.07
4.26
4.40
4.28
4.27
4.50
4.86
4.89
5.01
4.84
4.81
4.96
4.83
4.66
4.60
4.33
3.95
4.29
3.70
4.16
4.11
4.11
4.36
4.56
4.72
5.22
5.19
5.18
5.42
5.45
5.32
5.12
5.17
5.18
5.36
5.32
5.35
5.33
4.96
4.86
4.75
4.58
4.72
4.73
4.78
4.71
4.95
4.84
4.70
4.89
4.66
4.55
4.65
4.70
4.66
4.62
4.50
4.50
4.58
4.55
4.57
4.41
4.50
4.67
4.64
4.38
4.50
4.61
4.53
4.51
4.74
4.76
4.56
4.83
5.01
4.89
5.27
5.31
5.28
4.94
5.04
4.83
4.95
5.12
4.93
5.06
5.05
4.73
4.79
4.91
4.73
4.49
4.73
4.54
4.73
4.95
4.72
4.48
4.74
4.49
4.42
4.23
4.22
4.48
4.48
4.45
4.09
3.88
4.06
3.84
4.33
4.28
4.30
3.92
4.07
4.39
4.35
4.50
4.83
5.04
4.61
4.53
4.74
4.69
4.61
4.47
4.64
4.69
4.64
4.83
5.00
5.19
5.23
5.18
5.13
5.19
5.13
4.95
4.94
4.98
4.82
4.41
4.66
4.83
4.85
4.80
4.74
4.91
4.66
4.69
4.67
4.66
4.81
4.99
4.99
4.96
4.80
4.82
4.94
4.85
4.74
4.60
4.52
4.70
4.69
4.79
5.17
4.86
4.96
4.75
5.24
5.19
5.03
5.13
5.13
5.02
4.91
4.61
4.55
4.80
4.57
4.62
4.59
4.77
4.75
4.67
4.49
4.48
4.41
4.75
4.56
4.52
4.45
4.57
4.67
4.70
4.71
4.76
4.45
4.50
4.60
4.51
4.42
4.43
4.49
4.73
4.53
4.76
4.80
4.56
4.57
4.59
4.49
4.24
4.24
4.64
4.55
4.45
4.67
4.89
4.90
4.71
4.56
4.32
4.28
4.29
4.46
4.37
4.53
4.27
4.67
4.79
5.03
4.87
5.11
4.89
5.13
4.73
4.68
4.80
4.70
4.75
4.40
4.05
4.27
4.37
4.96
4.75
4.81
4.94
4.88
4.46
4.42
4.71
4.77
4.42
4.56
4.43
4.65
4.59
4.76
4.55
4.97
4.71
4.86
4.76
4.78
5.07
5.19
5.09
4.82
4.73
4.51
4.47
4.54
4.54
4.38
4.66
4.62
4.72
4.35
4.55
4.95
5.04
5.13
4.84
4.94
5.19
5.26
5.11
5.48
5.50
5.54
5.41
5.24
5.34
5.57
5.21
5.04
5.16
5.07
4.84
4.96
4.91
4.83
4.69
4.69
4.65
4.81
4.51
4.60
4.45
4.30
4.28
4.60
4.69
4.67
5.01
5.03
5.04
4.88
4.84
4.82
4.51
4.78
4.67
4.45
4.58
4.56
4.65
4.42
4.12
4.06
3.95
4.00
4.26
4.23
4.18
4.01
4.17
4.25
4.47
4.42
4.31
4.23
4.30
4.47
4.34
4.64
4.63
4.61
4.64
4.50
4.40
4.18
4.08
4.18
3.94
3.58
3.95
4.36
4.18
4.36
4.40
4.65
4.83
4.74
4.86
4.92
5.11
5.09
4.98
5.02
5.16
5.05
4.65
4.78
4.70
4.99
4.69
4.52
4.41
4.27
4.16
4.22
4.10
4.02
4.05
3.86
4.26
4.03
4.32
4.23
4.34
4.66
4.71
4.67
4.76
4.53
4.44
4.24
4.31
4.39
4.56
4.48
4.37
4.10
4.32
4.47
4.49
4.30
3.96
4.24
4.20
4.62
4.23
4.16
4.52
4.26
4.20
4.19
4.28
4.09
4.09
4.26
4.57
4.65
4.51
4.38
4.52
4.70
4.87
4.45
4.44
4.43
4.50
4.64
5.00
5.13
5.09
4.77
4.73
4.41
4.15
4.36
4.25
4.21
3.82
3.92
4.09
3.81
4.53
4.34
4.60
4.35
4.15
4.53
4.27
3.77
3.93
4.18
4.44
4.64
4.43
4.29
4.27
4.47
4.53
4.82
4.91
4.98
5.24
5.06
4.74
5.21
4.89
4.41
4.45
4.25
4.30
4.35
4.16
4.51
4.19
4.29
4.47
4.56
4.74
4.78
4.69
4.72
4.87
4.88
4.78
4.64
4.91
5.02
4.90
4.27
3.97
4.04
3.77
3.96
3.92
4.29
4.24
4.35
4.58
4.42
4.55
4.46
4.75
4.50
4.84
5.08
4.93
4.95
4.56
4.83
4.78
4.71
4.93
4.75
4.98
4.72
5.00
5.11
5.00
4.98
5.19
5.21
5.30
5.35
5.46
5.21
5.00
4.79
4.64
4.67
4.53
4.22
4.21
4.31
4.40
4.54
4.34
4.30
4.15
4.15
4.36
4.45
4.40
4.80
4.48
4.35
4.21
4.19
4.50
4.67
4.58
4.16
4.42
4.50
4.39
4.19
4.18
4.44
4.67
4.80
4.26
4.26
4.23
4.24
4.19
4.18
4.05
4.29
4.27
4.45
4.03
4.17
3.99
3.86
3.58
3.82
4.00
3.98
3.99
4.24
4.55
4.62
4.44
4.16
4.16
4.10
4.07
4.15
3.98
3.90
3.80
3.96
4.12
4.15
4.56
4.55
4.51
4.56
4.30
4.36
4.19
4.20
4.27
4.27
4.38
4.20
4.12
3.98
3.99
3.75
3.69
4.03
4.13
4.10
4.13
4.29
4.03
3.93
3.89
3.85
3.97
4.19
4.23
4.46
4.15
4.43
4.51
4.74
4.91
4.44
4.36
4.49
4.62
4.57
4.53
4.60
4.33
4.29
4.57
4.45
4.36
4.60
4.78
4.69
5.14
5.28
5.28
5.14
5.22
5.08
5.20
5.06
5.30
5.06
4.93
5.35
5.49
5.29
5.54
5.63
5.48
5.60
5.49
5.11
5.20
5.42
5.27
5.11
5.30
4.91
5.04
4.71
4.46
4.54
4.94
4.89
4.96
4.94
5.19
4.97
4.72
4.84
4.83
4.91
5.19
5.02
4.81
4.95
4.97
4.93
4.70
4.67
4.24
4.41
4.61
4.74
4.59
4.30
4.09
3.97
4.44
4.48
4.12
4.31
4.33
4.07
3.89
4.04
4.29
4.28
4.11
4.26
4.22
4.30
4.38
4.20
3.98
3.86
4.22
4.46
3.98
4.04
4.37
4.54
4.58
4.37
4.68
4.59
4.92
5.04
4.98
4.97
4.69
4.57
4.85
4.87
4.95
4.78
4.66
4.83
5.01
4.95
4.84
5.10
5.01
5.06
5.00
4.88
4.82
4.61
4.49
4.69
4.41
4.41
4.15
4.42
4.11
4.25
4.25
4.45
4.30
4.19
4.36
3.92
4.02
3.83
3.97
4.06
4.20
4.21
4.30
4.31
4.62
4.65
4.71
4.78
4.76
4.73
4.73
5.27
4.89
4.65
4.71
5.16
4.82
5.38
5.29
5.29
5.29
5.25
5.21
5.11
5.12
5.46
5.57
5.38
5.76
5.60
5.57
5.43
5.61
5.39
5.71
5.53
5.46
5.43
5.35
5.28
5.36
5.29
5.28
5.33
5.06
5.01
5.53
5.54
5.40
5.48
5.61
5.56
5.69
5.46
5.31
5.50
5.36
5.33
5.57
5.47
5.61
5.37
5.45
5.68
5.53
5.64
5.30
5.23
5.39
5.02
4.85
5.05
4.81
4.72
4.68
4.61
4.79
5.02
5.01
4.93
4.87
4.63
4.45
4.46
4.51
4.54
4.66
4.61
4.42
4.65
4.69
4.61
4.65
4.59
4.61
4.70
4.64
4.51
4.31
4.43
4.15
4.32
4.13
3.80
4.28
4.18
4.19
4.10
3.89
4.06
4.09
4.09
4.25
4.01
3.68
3.59
3.51
3.60
3.64
3.82
3.79
4.04
4.03
4.23
4.44
4.70
4.42
4.46
4.29
4.19
4.25
4.34
4.20
4.39
4.33
4.36
4.22
4.52
4.46
4.41
4.37
4.19
4.20
4.35
4.13
3.96
4.10
4.59
4.66
4.32
4.34
4.43
4.36
4.47
4.31
4.59
4.78
4.82
5.15
4.51
4.37
3.97
4.23
4.21
4.07
3.93
4.17
4.49
4.57
4.64
4.14
4.42
4.24
4.20
4.10
4.07
4.28
4.35
4.42
4.16
4.28
4.50
4.35
4.09
3.87
4.16
4.31
4.29
4.62
4.60
4.58
4.62
4.51
4.47
4.31
4.52
4.37
4.31
4.40
4.13
4.39
4.29
4.66
4.87
4.49
4.30
4.44
4.16
4.65
4.59
4.42
4.55
4.40
4.50
4.34
4.41
4.38
4.25
4.50
4.26
4.28
4.23
4.52
4.50
3.97
3.98
3.70
4.15
4.39
4.16
4.07
4.12
4.28
4.28
4.21
4.14
4.10
4.36
4.58
4.21
4.05
4.03
4.35
4.35
4.58
4.36
4.62
4.80
4.98
5.16
5.14
5.21
5.14
5.06
4.74
4.72
4.79
4.96
5.12
5.54
5.62
5.12
5.26
5.24
5.11
4.98
5.31
5.18
5.06
4.79
4.88
4.99
4.82
4.68
4.61
4.78
4.87
4.85
4.82
5.04
4.78
4.62
4.35
4.57
4.48
4.56
4.60
4.25
4.01
3.62
3.34
3.34
3.39
3.57
3.63
3.90
4.29
4.47
4.38
4.71
4.49
4.55
4.70
4.61
4.50
4.92
5.12
5.33
5.03
4.91
4.94
4.74
4.70
4.96
4.87
4.59
4.02
4.44
4.44
4.62
4.56
4.54
4.82
4.82
4.66
4.72
4.07
4.11
4.37
4.55
4.72
4.93
4.67
4.68
4.93
4.94
5.17
5.06
5.14
5.18
4.95
5.05
5.23
5.29
5.22
4.88
5.02
4.73
4.50
4.69
4.53
4.38
4.33
4.57
4.90
4.91
5.36
4.91
5.05
5.12
5.20
5.83
5.68
5.65
5.38
5.22
5.24
5.03
4.56
4.64
4.93
4.88
4.78
4.65
4.97
5.02
5.23
5.00
4.82
4.71
4.95
5.19
5.29
5.42
5.16
5.05
5.10
5.37
5.01
4.80
4.68
4.61
4.66
4.69
4.86
4.82
5.07
5.05
5.33
5.47
5.43
5.27
5.25
4.84
4.94
4.78
4.69
4.67
4.66
4.83
4.86
4.84
4.94
5.09
4.91
5.18
4.91
4.78
4.59
4.50
4.30
4.58
4.48
4.52
4.33
4.53
4.35
4.61
4.44
4.72
4.63
4.54
4.66
4.49
4.30
4.38
4.27
4.26
4.24
4.25
4.52
4.72
4.59
4.89
5.01
4.88
5.03
4.97
4.87
4.80
5.17
4.98
4.97
4.81
5.09
5.13
4.96
5.19
5.04
5.17
4.88
4.99
4.90
4.95
4.89
5.03
5.00
5.01
5.17
5.00
5.11
5.17
4.78
4.76
5.15
5.04
5.07
5.13
4.93
4.84
4.77
4.61
4.49
4.76
4.96
5.00
5.00
4.95
5.01
4.66
4.78
4.78
4.61
4.64
4.58
4.77
4.43
4.36
4.40
4.49
4.48
4.19
4.23
4.50
4.52
4.15
4.13
4.03
4.06
4.05
4.12
4.29
4.20
4.07
4.08
4.39
4.22
4.33
4.16
4.18
4.36
4.33
4.52
4.76
4.62
4.54
4.67
4.67
4.67
4.83
4.74
4.65
4.80
4.61
4.68
4.54
4.71
4.83
4.71
4.93
4.87
4.76
4.69
4.71
4.56
4.59
4.29
4.34
4.12
4.05
4.04
4.16
4.35
4.18
4.32
4.39
4.28
4.05
4.42
4.33
4.23
4.38
4.33
4.25
4.29
4.37
4.48
4.39
4.63
4.58
4.23
4.29
4.07
4.36
4.25
4.33
4.12
4.41
4.18
4.36
4.18
4.25
4.68
4.70
4.99
4.82
4.89
4.81
4.94
5.08
5.26
5.14
5.29
5.27
5.12
5.04
4.77
4.86
5.03
4.94
4.89
4.95
4.62
4.77
4.69
4.76
4.44
4.59
4.59
4.73
4.77
4.96
5.08
4.95
4.92
5.00
4.62
4.67
4.82
4.75
4.59
4.35
4.42
4.17
4.16
4.29
4.36
4.52
4.64
4.57
4.64
4.77
4.24
4.26
4.54
4.35
4.37
4.28
4.59
4.68
4.15
4.07
4.47
4.60
4.48
4.51
4.55
4.50
4.47
4.23
4.15
3.95
4.00
4.00
4.03
4.09
3.90
4.25
4.25
4.00
4.24
4.49
4.29
4.23
4.18
4.43
4.08
4.16
4.18
4.10
4.22
4.25
4.22
4.36
4.16
4.19
4.20
4.05
4.12
4.21
4.42
4.35
4.43
4.48
4.17
4.02
3.81
3.94
3.74
3.89
3.75
3.94
3.94
3.85
3.93
4.08
4.40
4.36
4.28
4.19
4.25
4.34
4.61
4.27
4.41
4.53
4.10
3.98
3.69
3.67
3.57
3.82
3.73
3.81
3.99
4.06
4.15
4.03
3.92
3.96
4.30
3.91
4.15
4.13
3.97
3.97
4.34
4.73
4.57
4.69
4.78
4.90
4.60
4.54
4.86
5.03
4.78
4.71
4.54
4.73
4.89
5.20
5.02
5.05
4.97
4.99
4.81
5.00
4.92
4.70
5.00
4.82
4.50
4.72
4.31
4.52
4.17
4.02
4.18
4.21
4.26
3.84
4.00
4.27
4.41
4.54
4.53
4.29
4.28
4.32
4.66
4.88
4.29
4.16
4.19
4.14
4.29
4.21
4.38
4.28
4.30
4.35
4.25
4.44
4.65
5.13
4.74
4.71
4.74
4.80
5.11
4.59
4.73
4.85
5.07
5.27
5.15
5.02
5.14
5.18
5.04
5.18
4.79
4.89
4.50
4.80
4.81
4.42
4.24
3.90
4.12
3.86
4.01
4.30
4.31
4.28
4.30
4.33
4.16
4.36
4.49
4.52
4.38
4.24
4.46
4.16
4.15
4.23
4.29
4.64
4.51
4.46
4.69
4.52
4.24
4.53
4.36
4.31
4.18
4.15
4.13
3.91
4.11
4.16
4.46
4.36
4.29
4.28
4.10
4.24
4.17
4.37
4.39
4.47
4.32
4.20
4.28
4.29
4.84
4.87
4.57
4.77
4.80
4.75
4.61
4.58
4.70
4.46
4.34
3.90
4.04
4.12
4.17
4.32
4.30
4.50
4.46
4.89
4.76
4.74
4.80
4.58
4.56
4.67
4.50
4.53
4.32
4.62
4.88
4.67
4.72
4.54
4.46
4.52
4.58
4.55
4.64
4.59
4.30
4.33
4.61
4.48
4.24
4.10
4.01
3.86
3.71
3.93
3.74
3.87
3.97
4.17
4.02
3.85
4.12
4.49
4.43
4.71
4.49
4.56
4.50
4.56
4.65
4.38
4.34
4.75
4.75
4.82
4.89
4.71
4.90
4.65
4.54
4.48
4.40
4.44
4.63
4.47
4.42
4.63
4.69
4.82
4.70
4.75
4.65
4.60
4.52
4.63
4.57
4.65
4.78
4.88
4.95
4.97
4.85
4.86
5.05
4.89
4.74
5.00
4.93
5.02
5.03
4.49
5.06
5.11
4.76
4.90
4.87
4.43
4.68
4.68
4.93
4.69
4.92
4.75
4.51
4.56
4.66
4.70
4.64
4.87
4.75
4.80
4.44
4.47
4.40
4.39
4.56
4.79
4.79
5.01
5.04
5.08
4.70
4.56
4.85
5.09
4.88
4.91
4.92
4.93
4.93
5.09
4.99
4.88
5.15
4.98
4.76
4.82
5.01
4.82
5.06
4.92
4.97
5.15
5.46
5.51
5.30
5.45
5.22
5.21
5.77
5.43
5.61
5.51
5.75
5.67
5.55
5.66
5.20
5.46
5.51
5.65
5.18
5.20
5.18
5.23
4.97
4.88
5.23
5.17
5.20
5.18
5.23
5.24
4.99
5.13
4.65
4.65
4.70
4.88
4.94
4.79
4.59
4.71
4.94
5.04
5.25
5.40
5.05
5.37
5.50
5.59
5.47
5.38
5.53
5.53
5.28
5.20
5.29
4.92
4.98
5.09
5.14
4.96
4.90
4.93
4.89
4.64
4.86
4.73
4.70
4.63
4.80
4.48
4.51
4.41
4.55
4.58
4.51
4.29
4.26
4.52
4.46
4.58
4.62
4.48
5.20
5.03
4.65
4.96
4.81
5.16
4.78
4.80
5.14
5.10
5.08
5.19
5.09
4.96
4.88
5.02
4.69
4.69
4.99
5.00
4.86
4.74
4.76
4.76
5.07
5.17
4.79
5.18
5.11
4.88
4.53
4.62
4.60
4.48
4.27
4.49
4.27
4.15
4.25
4.53
4.38
4.35
4.09
4.19
4.19
4.18
4.29
4.84
4.71
4.80
4.83
5.00
4.51
4.87
4.78
4.84
4.87
4.79
4.89
4.61
4.58
4.67
4.77
4.84
4.74
4.71
4.51
4.96
5.24
5.32
5.16
5.04
4.85
5.10
5.17
5.03
4.84
4.58
4.52
4.31
4.21
4.29
4.43
4.77
5.00
4.93
4.97
4.91
5.14
5.11
4.88
4.82
5.01
5.15
5.23
4.97
5.26
5.20
5.16
5.18
5.37
5.58
5.38
5.28
5.32
4.99
4.96
4.90
4.96
4.88
5.06
5.27
5.10
5.05
5.11
4.97
5.04
5.34
5.40
5.23
5.37
4.88
4.93
5.04
5.01
5.18
5.10
4.76
5.13
5.32
5.29
5.41
5.48
5.34
5.16
5.18
5.24
4.89
4.89
5.03
5.12
5.13
4.97
4.87
4.78
4.75
4.41
4.42
4.79
4.91
4.83
4.66
4.94
4.94
4.83
4.75
4.76
4.60
4.34
4.60
4.40
4.68
4.64
4.71
4.44
4.57
4.50
4.48
4.89
4.95
4.69
4.57
4.71
4.55
4.36
4.23
4.32
4.47
4.44
4.58
4.53
4.61
4.66
4.60
4.70
4.96
4.95
5.01
4.97
4.77
4.86
4.92
4.94
5.05
5.07
5.35
5.41
5.39
5.02
5.24
5.24
5.23
5.23
5.11
5.29
5.14
5.14
5.27
5.30
5.25
5.04
5.20
5.12
4.83
5.05
5.08
5.10
5.09
5.19
5.13
5.07
5.19
5.07
4.76
4.89
4.74
4.78
4.71
4.43
4.71
4.89
5.18
5.15
5.28
5.13
5.00
5.18
4.99
5.06
5.02
4.95
4.85
5.01
5.20
4.97
5.09
5.19
5.05
5.13
5.38
5.38
5.28
5.25
5.25
5.36
5.08
5.06
4.98
4.83
4.93
4.83
4.29
4.44
4.45
4.57
4.71
4.83
4.95
4.87
4.79
4.64
4.26
4.48
4.57
4.68
4.91
5.08
5.27
4.98
4.79
4.84
4.99
4.54
5.04
5.05
5.34
5.18
5.47
5.20
4.97
4.87
4.93
5.11
5.31
4.87
4.64
4.29
4.34
4.50
4.42
4.58
4.60
4.46
4.80
4.70
4.73
4.90
4.65
4.79
4.37
4.40
4.50
4.50
4.37
4.69
4.59
4.35
4.36
4.51
4.47
4.43
4.21
4.55
4.41
4.45
4.42
4.33
4.36
4.67
4.67
4.65
5.13
5.13
4.76
4.95
4.78
4.90
4.61
4.97
5.17
5.33
5.27
5.00
4.78
4.75
5.00
5.10
4.97
5.10
5.24
4.97
4.85
5.09
5.15
5.10
5.23
5.11
5.13
4.99
4.91
4.66
4.56
4.67
4.75
4.74
4.96
5.07
5.11
4.80
4.83
4.63
4.57
4.15
4.39
4.14
4.25
4.30
4.48
4.38
4.51
4.31
4.42
4.10
4.33
4.49
4.70
4.77
4.78
4.60
4.62
4.66
4.63
4.74
4.73
4.90
4.59
4.74
4.85
5.03
5.13
5.13
5.09
4.65
4.75
4.57
4.58
4.44
4.20
4.18
4.19
4.33
4.46
4.68
4.91
5.39
5.25
5.04
5.05
5.07
5.46
6.10
6.15
5.71
5.42
5.30
5.38
5.63
5.83
5.74
5.83
5.68
6.08
5.96
5.72
5.84
5.86
5.94
5.91
6.15
5.89
5.53
5.52
5.78
5.87
5.78
5.84
5.85
5.54
5.03
4.87
4.27
4.74
4.54
4.66
4.72
4.65
4.57
4.44
4.43
4.29
4.64
4.80
5.01
4.69
5.03
5.19
5.16
5.10
5.36
5.13
5.08
4.99
5.21
5.37
5.05
4.78
5.06
5.06
5.34
5.06
4.88
5.01
4.95
5.13
5.20
5.22
5.00
4.82
4.64
4.35
3.93
3.89
4.27
4.18
4.14
4.24
4.26
4.12
4.41
4.36
4.37
4.37
4.43
4.70
4.52
4.52
4.51
4.32
4.11
4.19
4.22
4.17
4.15
4.31
4.34
4.26
4.49
4.40
4.33
4.32
4.45
4.49
4.11
4.24
4.42
4.66
4.67
4.44
4.48
4.60
4.37
4.49
4.41
4.23
4.31
4.73
4.70
4.49
4.66
4.78
4.49
4.63
4.56
4.49
4.78
4.40
4.81
5.02
4.65
4.71
4.59
4.80
4.57
4.54
4.65
4.68
4.76
4.83
4.70
4.57
4.58
4.70
4.67
4.94
4.92
5.04
4.94
4.77
5.07
4.78
4.59
4.53
4.57
4.57
4.63
4.60
4.55
4.65
4.47
4.50
4.36
4.30
4.61
4.88
4.63
4.78
5.00
4.83
4.67
5.02
4.99
5.37
4.91
5.34
4.98
5.02
5.01
4.95
4.89
4.82
4.85
4.93
5.16
5.15
5.17
5.14
5.05
5.43
5.35
5.17
5.24
5.33
5.16
5.19
5.36
5.15
5.26
5.06
5.35
5.32
5.49
5.26
5.11
5.14
4.80
4.61
4.70
4.65
4.60
4.58
4.84
4.73
5.07
4.87
4.61
4.78
4.56
4.70
4.49
4.70
4.65
4.53
4.51
4.30
4.57
4.78
4.75
5.06
5.22
5.22
4.99
4.59
4.65
4.82
4.71
4.65
4.62
4.57
4.92
4.75
5.02
5.14
4.85
4.56
4.66
4.58
4.37
4.45
4.26
4.11
4.39
4.75
4.68
4.38
4.34
4.24
4.17
4.15
4.20
4.10
3.94
3.76
3.78
3.70
3.88
3.89
4.02
3.72
3.86
3.94
4.10
4.21
4.19
4.40
4.55
4.46
4.46
4.98
4.50
4.45
4.38
4.43
4.51
4.44
4.31
4.50
4.40
4.44
4.46
4.87
4.90
4.69
4.41
4.48
4.74
4.64
4.53
4.38
4.58
4.47
4.42
4.35
4.27
3.97
4.40
4.82
4.65
4.46
4.51
4.34
4.56
4.77
4.89
4.87
4.76
4.79
5.17
4.89
5.07
5.11
4.93
4.88
4.72
4.43
4.30
4.40
4.59
4.53
4.63
4.62
4.86
4.93
4.71
4.87
5.14
5.19
4.97
5.01
5.03
4.62
4.65
4.98
5.00
4.48
4.61
4.57
4.35
4.50
4.29
4.26
4.30
4.32
4.00
3.94
3.89
4.05
3.96
3.88
4.10
3.99
4.13
4.10
4.39
4.52
4.62
4.40
4.49
4.76
4.85
4.87
4.69
4.65
4.57
4.69
4.91
4.88
4.83
4.61
4.83
4.99
4.86
4.63
4.68
4.98
5.00
4.82
4.78
4.63
4.87
4.91
4.71
4.70
4.80
4.55
4.67
4.87
4.61
5.09
4.99
5.29
5.43
5.39
5.20
5.39
5.12
4.66
4.44
4.29
4.29
4.29
4.20
4.55
4.72
4.86
5.23
5.14
4.91
4.89
4.77
4.61
4.82
5.08
5.16
4.87
4.92
4.95
5.19
4.80
4.89
4.77
4.66
4.55
4.94
4.93
4.96
4.98
5.10
5.13
4.95
5.11
5.15
5.24
5.06
4.92
4.95
4.85
4.25
4.46
4.56
4.33
4.56
4.62
4.84
4.70
4.76
5.02
5.10
4.97
5.02
5.05
4.80
4.80
5.01
5.16
4.92
4.96
4.64
4.67
4.57
4.98
4.65
4.39
4.38
4.77
4.83
4.85
4.65
4.26
4.12
4.19
4.43
4.60
4.27
4.30
4.19
4.39
4.35
4.50
4.51
4.49
4.73
4.27
4.02
3.99
4.29
4.24
4.02
4.51
4.39
4.20
4.32
4.01
4.32
4.53
4.51
4.38
4.55
4.25
4.64
4.65
4.87
4.62
4.83
4.48
4.11
4.46
4.49
4.36
4.42
4.44
4.59
4.34
4.38
4.21
4.27
4.41
4.19
4.17
4.04
4.09
4.06
4.25
4.44
4.39
4.35
4.52
4.50
4.29
4.11
3.96
3.93
3.47
3.53
3.61
3.23
3.02
3.12
3.43
3.34
3.49
3.80
3.52
3.64
3.85
4.16
3.97
3.80
3.89
3.75
3.79
3.74
3.85
3.72
3.77
4.17
3.96
3.90
3.87
3.76
3.80
3.74
3.80
3.77
3.83
3.78
3.91
3.87
3.85
3.86
3.65
3.85
4.24
4.12
4.15
3.91
3.94
3.81
3.91
3.78
4.04
3.95
4.03
4.04
4.16
4.40
4.38
4.48
4.50
4.65
4.74
4.62
4.74
4.61
4.59
4.37
4.57
4.38
4.53
4.48
4.40
4.86
4.65
4.65
4.52
4.78
4.76
4.60
4.59
4.60
4.69
4.68
4.56
4.86
4.93
5.03
5.13
5.00
5.00
4.97
5.31
4.87
4.97
4.65
4.64
4.71
5.12
5.28
4.86
4.93
5.14
5.23
4.89
4.92
5.08
5.19
5.37
5.12
5.09
5.04
5.47
4.85
4.64
4.70
4.66
4.71
4.62
4.54
4.77
4.72
4.44
4.60
4.64
4.59
4.53
4.30
4.30
4.20
4.17
4.17
4.11
4.14
4.01
3.95
4.14
3.83
4.11
4.26
4.60
4.68
4.99
4.85
5.03
5.26
5.23
5.34
5.16
5.04
5.29
5.11
5.05
5.31
5.02
5.13
5.28
5.13
4.92
4.70
4.65
4.36
4.33
4.68
4.70
4.55
4.57
4.13
3.90
3.84
3.94
3.81
3.84
3.58
3.79
4.05
4.27
4.30
4.51
4.66
4.98
5.01
5.07
4.93
4.95
5.03
5.08
4.91
4.89
4.80
4.82
4.71
4.55
4.88
4.69
4.72
4.72
4.60
4.79
4.88
4.83
4.78
4.92
4.83
4.69
4.56
4.55
4.31
4.35
4.07
4.22
4.29
4.31
4.19
4.61
4.76
4.75
4.42
4.38
4.61
4.55
4.44
4.33
4.28
4.37
4.34
4.18
4.32
4.43
4.54
4.79
4.36
4.43
4.41
4.25
4.44
4.02
4.29
4.19
4.35
4.30
4.38
4.34
4.30
4.21
3.88
3.84
3.94
3.96
3.92
3.88
3.83
4.07
3.91
4.01
3.99
3.91
3.89
4.01
4.42
4.77
4.62
4.81
5.00
4.82
4.52
4.35
4.61
4.70
4.54
4.28
4.73
4.96
5.06
4.76
4.66
4.40
4.17
4.17
4.41
4.20
4.35
4.57
4.55
4.71
4.96
4.64
4.69
4.49
4.29
4.60
4.59
4.55
4.31
4.09
4.12
3.99
4.23
4.23
4.28
4.47
4.53
4.78
4.88
4.82
4.86
4.90
5.25
5.19
5.18
5.07
5.27
5.41
5.42
5.28
5.33
5.48
5.44
5.18
4.93
5.19
5.17
5.23
5.20
4.74
4.98
4.75
4.65
4.45
4.31
4.13
4.27
4.38
4.48
4.38
4.42
4.52
4.55
4.29
4.51
4.55
4.85
4.86
4.88
5.17
4.98
4.83
5.00
4.90
4.78
4.75
4.57
4.93
4.97
4.90
4.87
4.81
4.90
4.87
4.52
4.36
4.34
4.15
4.02
4.37
4.43
4.61
4.55
4.62
4.47
4.55
4.29
4.08
4.27
4.20
3.93
4.22
4.18
3.84
3.94
4.47
4.29
4.26
4.01
3.91
4.16
4.29
4.28
4.19
4.18
3.79
3.88
3.86
3.59
3.64
4.14
4.17
4.28
4.79
4.84
5.14
5.07
4.98
5.37
5.06
5.04
4.79
4.44
4.43
4.09
4.22
4.50
4.42
4.41
4.38
4.51
4.48
4.52
4.66
4.48
4.53
4.36
4.33
3.97
4.00
4.17
4.29
4.43
4.31
4.38
4.30
4.15
4.28
4.46
4.11
4.00
4.10
4.35
4.06
4.14
4.02
4.37
4.57
4.95
4.95
5.27
5.08
4.83
4.69
4.74
4.62
4.72
4.83
4.93
5.20
5.23
5.01
5.03
5.04
4.77
4.98
4.96
4.72
4.90
5.15
5.05
5.01
4.70
4.62
4.74
4.92
4.69
4.68
4.70
4.95
5.05
4.92
5.04
4.71
4.77
4.55
4.72
4.88
5.03
4.80
4.88
5.02
4.96
5.02
4.81
5.02
4.65
4.43
4.55
4.46
4.52
4.11
4.10
4.09
3.75
3.82
3.54
3.90
4.14
4.13
4.16
4.15
4.32
4.51
4.34
4.26
4.50
4.28
4.24
4.08
4.38
3.86
4.08
3.87
3.77
3.72
3.94
3.86
4.23
4.41
4.67
4.65
4.71
4.62
4.75
4.69
4.71
4.80
4.82
4.79
4.99
4.87
4.88
4.97
4.94
4.77
4.83
4.80
4.67
4.93
5.11
5.27
5.10
5.09
5.17
5.14
5.38
5.44
5.10
5.30
4.94
5.02
4.51
4.56
4.48
4.78
4.85
5.15
4.84
4.76
4.77
4.54
4.84
4.79
4.58
4.71
4.86
4.88
4.77
4.97
4.95
4.73
4.55
4.62
4.88
4.94
4.71
4.80
4.69
4.81
4.86
4.81
4.85
5.06
4.74
5.11
5.05
4.94
4.89
4.89
4.87
5.07
4.77
4.34
4.47
4.27
4.43
4.39
4.80
4.67
4.85
4.75
4.32
4.23
4.39
4.15
4.61
4.76
4.69
4.56
4.36
4.30
4.56
4.87
4.86
5.10
4.88
5.07
5.35
5.22
5.12
5.02
5.06
5.11
5.07
5.21
5.26
5.45
5.26
5.09
5.03
5.38
4.97
5.06
4.85
5.09
5.16
5.40
5.39
5.12
4.96
4.94
4.90
5.02
5.21
5.24
5.23
5.29
5.24
5.10
5.10
5.13
5.07
5.09
4.85
4.77
4.78
4.79
4.89
5.31
5.15
5.10
5.14
4.91
4.77
4.91
4.94
4.93
4.79
4.89
4.64
4.62
4.65
4.93
4.62
4.56
4.49
4.24
4.64
4.62
4.48
4.46
4.76
4.83
4.90
4.93
5.13
4.90
4.95
4.96
4.66
4.44
4.76
4.73
5.25
4.73
4.81
4.69
4.62
4.33
4.35
4.37
3.88
4.07
4.00
3.94
4.02
4.37
4.32
4.31
4.27
4.29
4.54
4.38
4.76
4.81
4.80
4.44
4.59
4.24
3.83
4.03
4.27
4.38
3.99
4.04
3.92
3.55
3.70
4.02
4.12
4.39
4.28
4.18
4.21
4.39
4.45
4.36
4.28
4.50
4.61
4.79
4.79
5.16
5.34
4.77
4.69
4.71
5.07
4.92
4.68
4.45
4.51
4.67
4.47
4.47
4.56
4.42
4.74
4.57
4.54
4.81
4.69
4.34
4.40
4.73
4.54
4.51
4.26
4.43
4.47
4.39
4.60
4.71
4.60
4.69
4.87
4.91
5.15
4.86
4.96
5.03
4.81
4.78
4.66
4.83
4.58
4.65
4.64
4.80
4.53
4.86
4.59
4.59
4.50
4.55
4.21
4.41
4.40
4.27
4.21
4.29
4.35
4.15
4.27
4.34
4.81
4.92
4.93
4.75
4.86
5.14
4.99
5.11
4.91
4.86
4.52
4.71
4.82
4.56
4.48
4.39
4.50
4.57
4.50
4.21
4.24
4.44
4.35
4.40
4.07
3.93
4.11
4.21
4.24
4.14
4.16
4.25
4.33
4.04
3.98
4.00
3.98
4.42
4.36
4.37
4.04
3.85
4.02
4.23
4.49
4.38
4.57
4.38
4.44
4.14
4.13
4.52
4.38
4.51
4.51
4.09
4.37
4.30
4.52
4.46
4.49
4.66
4.62
4.69
4.79
4.50
4.22
4.21
4.49
4.72
4.72
4.74
4.48
4.25
4.14
4.31
3.96
4.40
4.38
4.34
4.56
4.52
4.50
4.41
4.49
4.54
4.71
4.44
4.50
4.19
3.89
3.78
4.00
4.12
4.37
4.38
4.53
4.38
4.26
4.47
4.31
4.31
4.49
4.30
4.45
4.77
4.95
4.95
4.72
4.75
4.59
4.24
4.62
4.26
4.01
4.21
4.03
4.39
4.22
4.46
4.49
4.53
4.67
4.69
4.57
4.61
4.53
4.35
4.23
4.32
4.29
4.33
4.04
3.75
4.20
4.23
4.40
4.43
4.50
4.52
4.57
4.64
4.07
4.30
4.45
4.61
4.60
4.76
4.82
4.89
5.02
4.89
4.90
4.84
5.08
4.87
4.95
4.68
4.41
4.71
4.70
4.93
4.87
5.00
4.78
4.68
4.60
4.72
4.69
4.82
4.67
4.54
4.47
4.56
4.61
4.47
4.89
4.71
4.95
4.80
5.04
4.99
4.69
4.69
4.58
4.56
4.48
4.43
4.17
4.21
4.19
4.29
4.31
4.36
4.43
4.36
4.04
3.96
3.99
4.11
4.21
4.32
4.35
4.63
4.46
4.47
4.71
4.35
4.68
4.75
4.81
4.77
4.61
4.67
4.66
4.55
4.46
4.26
4.42
4.69
5.05
5.43
5.27
5.54
5.27
5.13
5.12
4.52
4.81
5.03
4.84
4.71
4.80
4.84
4.76
4.60
4.61
4.60
4.53
4.70
4.51
4.91
4.83
4.83
4.53
4.68
4.66
5.05
4.93
4.95
4.99
5.07
4.97
4.92
4.93
4.82
4.56
4.24
4.13
3.98
4.19
4.60
4.40
4.37
4.45
4.69
4.46
4.20
4.02
4.04
4.41
4.30
4.39
3.93
4.13
4.14
4.41
4.27
4.29
4.46
4.45
4.40
4.30
4.31
4.66
4.74
4.83
4.87
4.62
4.50
4.67
4.81
4.78
4.86
4.78
4.61
4.68
4.72
4.67
5.09
4.92
4.95
4.83
4.81
4.90
4.75
4.87
4.95
5.09
5.12
4.91
4.91
4.75
4.85
4.81
4.94
4.76
4.89
4.83
4.79
5.22
5.33
5.06
4.97
5.08
4.98
5.24
4.89
4.76
4.58
4.70
4.77
4.54
4.35
4.20
4.20
4.39
4.59
4.68
4.77
4.46
4.34
4.30
4.13
4.23
4.01
4.02
4.11
4.35
4.26
4.21
4.20
4.08
4.20
4.01
4.02
4.06
4.25
4.37
4.75
4.85
5.06
5.30
5.19
5.13
5.06
5.28
5.18
5.00
5.27
5.11
4.76
4.56
4.50
4.29
4.17
4.34
4.44
4.02
4.52
4.82
4.69
4.45
4.50
4.80
4.79
4.73
4.72
4.33
4.43
4.53
4.41
4.59
4.79
4.61
4.67
4.88
4.74
4.59
4.18
3.94
3.97
4.15
4.25
4.28
4.34
4.20
3.89
3.84
4.07
4.31
4.55
4.43
4.37
4.34
4.29
4.12
4.05
4.02
4.06
4.16
4.21
4.05
4.33
4.00
3.98
4.03
3.66
3.71
3.62
3.91
4.12
4.23
4.19
4.07
4.17
4.22
4.12
3.72
3.64
4.09
4.06
3.96
4.03
4.03
4.14
4.04
4.20
4.03
3.98
3.97
3.89
3.89
4.12
4.10
3.97
4.10
4.20
4.23
4.28
4.15
4.12
4.06
4.13
4.01
3.95
3.60
3.81
3.65
3.79
3.95
3.96
3.81
4.02
3.84
3.71
3.94
3.98
3.98
4.46
4.46
4.57
4.49
4.80
5.22
4.82
4.68
4.50
4.54
4.53
4.48
4.55
4.71
4.70
4.61
4.58
5.14
5.20
4.80
4.89
4.75
4.70
4.88
4.77
4.60
4.48
4.42
4.55
4.58
4.79
4.62
4.79
4.80
4.43
4.54
4.82
4.72
4.53
4.78
4.61
4.94
4.69
4.90
4.87
4.84
5.02
4.81
4.87
4.79
4.49
4.40
4.30
4.51
4.40
4.46
4.58
4.58
4.58
4.63
4.37
4.19
4.20
4.14
4.34
4.49
4.34
4.46
4.38
4.57
4.54
4.42
4.52
4.67
4.80
5.26
5.55
5.16
4.80
4.81
4.81
4.78
4.41
4.73
4.14
4.16
4.17
4.37
4.15
3.99
4.17
4.44
4.26
4.05
4.01
4.26
4.40
4.49
4.41
4.45
4.44
4.47
4.64
4.82
4.69
4.80
4.75
4.76
4.94
5.28
5.21
5.22
5.40
5.47
5.29
5.02
5.18
5.03
4.79
4.51
5.13
4.97
4.89
5.07
4.57
4.44
4.71
4.71
4.75
5.05
4.94
5.00
5.06
5.08
4.93
4.74
5.10
5.10
5.23
5.34
5.36
5.27
5.25
5.19
5.11
5.20
5.18
5.04
4.65
4.87
4.85
5.21
4.86
4.88
4.90
4.96
4.98
5.01
5.33
5.04
4.94
5.12
4.93
4.93
5.05
4.85
4.83
5.28
5.12
4.70
5.11
5.09
5.20
5.03
4.54
4.75
4.77
5.19
5.32
5.42
5.34
5.16
5.07
5.32
5.33
5.40
5.47
5.33
5.26
4.96
4.80
4.77
4.96
5.05
5.02
5.08
5.10
4.94
4.73
4.83
4.87
4.53
4.64
4.66
4.49
4.74
4.88
4.75
4.65
4.69
5.00
4.60
4.61
4.71
4.84
4.89
4.85
4.92
4.80
4.75
4.71
4.66
4.50
4.78
4.64
4.75
4.57
4.45
4.20
4.29
4.42
4.51
4.85
4.76
5.19
4.92
5.23
4.96
4.98
4.98
5.08
5.21
5.31
5.01
5.07
5.25
5.22
4.96
5.08
5.22
4.80
4.90
4.95
5.21
5.42
5.47
5.60
5.59
5.48
5.22
5.17
5.16
5.37
5.51
5.61
5.65
5.55
5.58
5.56
5.55
5.65
5.70
5.48
5.18
4.60
4.38
4.25
3.94
4.11
3.76
3.78
4.13
4.17
4.23
4.15
4.07
4.22
4.48
4.62
4.39
4.51
4.70
4.54
4.64
4.91
4.92
4.80
4.54
4.58
4.56
4.77
4.50
4.62
4.91
4.88
5.26
4.97
4.66
4.63
4.52
4.60
4.33
4.26
4.08
4.33
4.24
4.45
4.74
4.66
4.96
5.04
5.06
5.12
5.00
4.82
4.58
4.75
4.64
4.48
4.63
4.62
4.97
5.14
5.13
4.93
4.84
4.89
5.15
4.68
4.80
4.75
4.76
4.64
4.57
4.77
4.56
4.14
4.53
4.51
4.79
4.76
4.42
4.47
4.26
4.55
4.63
4.52
4.58
4.43
4.59
4.74
5.04
5.03
5.12
4.88
4.85
4.95
5.22
5.47
5.11
4.98
5.03
4.85
4.76
4.56
4.84
4.72
4.79
4.96
4.97
4.91
4.95
4.99
5.01
5.06
4.98
5.29
5.32
5.42
5.25
5.12
5.34
5.01
4.81
5.02
4.88
4.80
4.96
5.06
5.21
5.01
5.14
5.22
5.08
5.28
5.00
4.97
4.86
4.58
4.77
4.58
4.59
4.79
4.62
4.52
4.46
4.30
4.35
4.22
4.53
4.66
4.69
4.93
4.91
4.80
5.00
5.05
4.64
4.63
4.69
4.61
4.79
4.68
4.75
4.71
4.87
4.67
4.84
4.88
4.84
5.05
5.26
5.36
5.30
4.77
4.99
5.01
5.41
5.28
5.21
5.32
5.55
5.72
5.73
5.94
5.98
5.92
5.68
5.54
5.35
5.29
5.23
4.81
5.09
5.15
5.22
4.59
4.54
4.79
4.90
4.86
4.75
4.89
4.86
4.74
5.04
5.03
5.15
4.88
5.03
4.90
5.10
5.05
5.19
5.13
4.99
4.94
5.10
5.28
5.23
5.28
5.44
4.98
4.76
4.69
4.49
4.50
4.63
4.54
4.56
4.82
4.58
4.12
4.31
4.28
4.37
4.55
4.76
4.80
4.80
4.56
4.45
4.55
4.59
4.79
4.83
4.66
4.64
4.62
4.50
4.41
4.67
4.64
4.53
4.55
4.82
4.89
4.67
4.48
4.72
4.58
4.41
4.65
4.67
4.64
4.77
4.81
5.05
5.02
5.27
5.46
5.49
5.27
4.82
4.65
4.38
4.39
4.49
4.68
4.65
4.84
4.98
4.83
4.66
4.95
5.00
5.00
4.61
4.26
4.28
4.21
4.36
4.34
4.23
4.90
4.73
5.07
4.75
5.16
5.15
5.55
5.70
5.67
5.51
5.60
5.48
5.20
5.19
5.15
5.21
5.26
5.29
5.31
5.51
5.29
5.55
5.54
5.23
5.26
5.46
5.52
5.29
5.34
5.51
5.50
5.38
5.29
5.30
5.51
5.43
5.34
5.39
4.99
5.12
5.00
4.81
4.73
4.95
4.63
4.51
4.76
4.93
4.90
4.78
5.06
5.42
5.22
4.95
4.91
5.01
4.93
4.77
4.57
4.49
4.26
4.48
4.60
4.55
4.69
4.40
4.50
4.90
5.09
5.03
4.95
5.04
5.08
4.93
4.88
4.86
4.92
5.21
5.10
5.30
5.00
5.01
5.04
5.49
5.56
5.06
5.10
5.10
5.07
5.09
5.15
5.08
5.08
4.94
4.87
4.85
5.01
4.91
5.16
5.37
5.20
5.01
4.90
4.84
4.93
4.80
4.78
4.78
5.13
5.14
5.37
5.15
5.08
5.01
4.97
5.11
5.06
4.85
5.03
4.90
4.56
4.74
5.33
5.38
5.28
5.36
5.59
5.16
5.04
5.15
5.02
5.29
5.22
4.98
5.11
5.00
4.84
4.83
4.90
4.60
4.43
4.40
4.38
4.77
4.78
4.69
5.20
4.86
5.03
4.98
5.19
4.86
4.50
4.67
4.73
4.63
4.54
4.50
4.61
4.40
4.33
4.13
4.51
4.79
4.40
4.16
4.26
4.27
4.07
4.46
4.22
4.26
4.20
4.03
3.85
3.92
3.62
3.67
3.52
3.86
3.98
4.29
4.39
4.26
4.52
4.38
4.48
4.52
4.65
4.56
4.39
4.32
4.19
4.19
4.30
4.27
4.75
5.07
4.64
5.00
4.58
4.45
4.03
4.17
4.16
4.47
4.13
4.09
4.61
4.69
4.42
4.68
4.78
5.06
4.73
4.78
4.92
4.95
4.87
5.07
4.89
4.63
4.66
4.97
5.09
5.16
5.15
5.17
5.25
5.30
5.44
5.19
5.04
4.73
5.01
4.96
5.09
5.00
5.06
5.11
5.20
5.27
5.06
4.86
4.98
5.13
5.07
5.12
4.95
5.07
5.31
4.98
5.08
5.04
5.29
5.24
5.13
4.64
4.87
5.03
4.83
4.88
4.81
5.23
5.11
4.96
4.93
5.12
5.01
4.99
4.97
4.95
5.23
5.10
5.17
5.39
5.05
4.85
4.96
5.11
5.07
5.03
4.84
5.00
5.07
4.88
4.64
4.30
4.24
4.09
3.98
3.69
3.75
4.02
4.43
4.68
4.92
5.15
5.18
5.16
5.10
5.21
4.91
5.05
4.98
4.76
4.97
4.98
4.96
4.85
4.65
4.56
4.47
4.48
4.85
4.93
4.86
4.93
5.15
4.89
4.63
4.65
4.63
4.69
4.49
4.63
4.64
4.52
4.79
4.92
5.06
5.07
5.34
5.14
5.31
5.20
4.91
4.55
4.80
4.69
4.51
4.33
4.29
4.12
3.93
3.96
4.35
4.44
4.37
4.55
4.68
4.35
4.51
4.55
4.70
4.75
4.73
4.77
4.85
4.57
4.80
4.89
4.80
4.65
4.67
4.55
4.94
4.49
4.81
4.38
4.42
4.39
4.30
4.19
4.18
4.41
4.73
4.37
4.67
4.49
4.87
5.06
4.98
4.96
5.12
4.95
5.08
4.87
4.81
4.99
5.07
5.12
4.69
5.02
4.82
4.70
4.82
5.01
4.94
5.08
5.09
5.04
4.99
4.87
5.18
5.12
4.81
4.87
4.68
4.85
5.06
4.85
5.05
5.16
5.21
5.11
5.20
4.94
5.15
5.30
4.97
4.88
4.83
4.69
4.79
4.74
4.57
4.73
4.70
4.85
4.83
4.55
5.08
4.84
4.77
4.86
5.11
4.96
5.05
4.97
4.88
4.83
4.66
4.76
4.75
4.58
4.78
4.58
4.88
4.53
4.58
4.55
4.50
4.56
4.47
4.80
4.67
4.56
4.29
4.26
4.46
4.71
4.70
4.47
4.40
4.34
4.28
4.33
3.97
4.04
4.25
3.99
3.85
3.93
3.80
4.20
4.12
4.10
4.32
4.65
4.79
4.55
4.33
4.59
4.66
4.38
4.44
4.37
4.21
4.04
4.29
4.36
4.69
4.98
4.86
4.86
5.06
4.96
4.93
4.88
4.65
4.86
5.12
5.16
5.10
5.03
5.10
4.95
5.17
4.94
5.26
5.57
5.26
5.36
5.06
4.98
4.98
5.02
4.76
4.74
4.66
4.75
4.56
4.60
4.92
4.94
4.65
5.03
5.02
4.81
4.61
4.41
4.59
4.58
4.51
4.68
4.64
4.50
4.60
4.60
4.67
4.89
5.05
5.05
5.13
4.90
4.73
5.02
5.09
4.86
4.92
4.99
4.85
4.98
4.90
4.64
4.66
4.58
4.73
4.56
4.32
4.46
4.68
4.73
4.52
4.55
4.52
4.16
4.24
4.52
4.71
4.66
4.48
4.51
4.41
4.33
4.43
4.34
4.44
4.64
4.51
4.59
4.68
4.34
4.18
4.45
4.45
4.18
4.12
4.43
4.49
4.38
4.12
3.79
4.03
4.29
4.26
4.24
4.18
4.39
4.15
4.21
4.57
4.44
4.38
4.92
4.68
4.70
4.61
4.39
4.52
4.64
4.66
4.51
4.49
4.40
4.12
3.87
4.02
4.10
4.30
4.11
4.24
3.87
4.02
4.38
4.28
4.28
4.34
4.20
4.47
4.29
4.44
4.38
4.28
4.20
4.38
4.30
4.31
4.64
4.55
4.48
4.69
4.75
4.77
4.58
4.77
4.77
4.93
4.86
4.97
4.88
5.09
4.98
4.84
5.03
4.87
5.05
5.13
5.51
5.45
5.08
5.29
5.26
5.17
5.26
5.02
4.88
4.78
4.74
4.96
5.14
5.13
5.00
5.11
4.57
4.34
4.63
4.72
4.88
5.19
5.12
5.26
4.93
4.85
4.64
4.47
4.39
4.63
4.47
4.45
4.52
4.45
4.52
4.58
4.76
4.59
4.44
4.64
4.39
4.44
4.47
4.50
4.58
4.42
4.31
4.59
4.88
4.85
4.92
5.06
4.91
5.04
4.90
4.94
4.67
5.01
4.69
4.30
4.08
4.48
4.54
4.60
4.45
4.36
4.35
4.44
4.37
4.23
4.13
3.91
4.09
4.12
4.50
4.32
4.43
4.63
4.53
4.51
4.74
4.63
4.31
4.29
4.29
4.35
4.34
4.36
4.41
4.43
4.19
4.11
4.42
4.50
4.44
4.57
4.39
4.18
4.39
4.52
4.56
4.79
4.58
4.32
4.23
4.22
4.16
4.21
4.15
4.07
4.24
4.41
4.48
4.46
4.38
4.60
4.91
4.81
4.64
4.59
4.34
4.24
3.85
4.02
4.04
4.32
4.56
4.60
4.83
4.80
4.60
4.24
3.93
4.11
4.23
4.32
4.17
4.24
4.28
4.35
4.57
4.64
4.73
4.72
4.59
4.44
4.61
4.49
4.38
4.22
4.18
4.38
4.56
4.66
4.60
4.72
4.62
4.73
4.76
4.86
4.76
4.54
4.70
4.53
4.75
4.63
4.68
4.62
4.62
4.75
4.72
4.96
4.63
4.80
4.74
4.99
5.09
4.99
4.96
4.65
4.20
4.45
4.60
4.66
4.59
4.65
4.74
5.07
4.56
4.29
4.47
4.64
4.66
4.86
5.22
5.32
5.44
4.99
4.98
5.17
4.91
4.97
5.08
5.09
5.21
5.13
4.94
4.62
4.81
4.79
4.70
4.81
4.62
4.71
4.80
4.62
4.47
4.54
4.55
4.62
4.89
4.41
4.25
4.29
4.33
4.32
4.17
4.23
4.38
4.35
4.22
4.49
4.21
4.40
4.18
4.18
3.94
4.14
4.18
4.23
4.05
4.21
4.15
4.47
4.36
4.26
4.58
4.64
4.58
4.49
4.66
4.57
4.76
4.54
4.33
4.07
4.24
4.39
4.48
4.45
4.88
5.04
4.92
4.76
4.81
4.97
4.73
4.86
4.81
5.03
4.96
4.92
4.87
5.11
4.99
4.89
4.88
4.84
4.84
4.87
4.70
4.49
4.69
4.82
4.82
4.90
4.84
4.41
4.17
4.50
4.47
4.50
4.32
4.16
4.04
4.24
4.04
4.26
4.41
4.28
4.41
4.54
4.13
4.46
4.52
4.45
4.42
4.19
4.24
4.51
4.28
4.27
3.97
3.86
4.11
4.25
3.81
3.99
4.00
4.47
4.75
4.97
5.27
5.09
5.26
5.37
5.30
5.22
5.07
4.88
4.64
4.40
4.25
4.37
4.64
4.40
4.43
4.31
4.33
4.39
4.20
4.53
4.59
4.65
4.38
4.75
4.75
4.52
4.46
4.45
4.58
4.51
4.54
4.54
4.77
4.64
4.68
4.46
4.14
4.65
4.53
4.66
4.84
5.07
4.92
5.05
4.83
4.77
4.85
5.02
5.06
5.10
5.26
5.58
5.75
5.59
5.29
5.60
5.40
5.50
5.72
5.51
5.43
5.36
5.44
5.56
5.46
5.42
5.06
5.10
5.23
5.41
5.20
4.89
4.94
4.70
4.80
5.06
5.19
5.27
5.49
5.41
5.33
5.14
5.21
5.04
5.11
5.16
5.35
5.34
5.18
5.20
5.11
5.09
5.34
5.07
5.33
5.32
5.36
5.22
4.88
4.72
5.00
4.84
5.18
5.26
5.02
4.87
4.62
4.79
4.91
4.88
4.91
4.90
5.00
5.12
4.78
4.82
4.81
5.28
5.31
5.61
5.24
5.02
4.85
5.08
4.88
5.16
5.21
5.32
5.15
4.99
4.81
4.90
5.21
4.80
4.87
4.38
4.45
4.53
4.35
4.38
4.42
4.53
4.66
4.70
4.41
4.37
4.23
4.33
4.36
4.48
4.37
4.45
4.68
4.74
4.50
4.31
4.28
4.47
4.42
4.41
4.24
4.26
4.26
4.13
4.21
4.49
4.49
4.45
4.63
4.31
4.31
4.38
4.11
4.15
4.11
4.23
3.93
3.96
4.06
4.16
4.25
4.12
4.27
4.20
4.13
3.97
3.88
3.75
3.67
3.47
3.57
3.66
3.55
3.87
4.03
4.20
4.33
4.36
4.45
4.55
4.64
4.81
4.50
4.12
4.32
4.39
4.64
4.66
4.42
4.59
4.21
4.30
4.17
4.21
4.46
4.50
4.41
4.55
4.38
4.38
4.62
4.60
4.50
4.83
4.68
4.71
4.76
5.11
5.14
5.19
5.40
5.10
5.31
5.02
5.03
4.89
4.99
4.81
4.54
4.83
4.73
4.68
4.78
4.86
5.05
4.94
5.01
4.80
4.54
4.62
4.52
4.57
4.55
4.60
4.42
4.48
4.38
4.71
4.96
4.75
4.82
4.40
4.32
4.44
4.56
4.70
4.69
4.48
4.20
4.17
4.40
4.36
4.38
4.51
4.47
4.33
4.37
4.55
4.56
5.16
5.03
4.75
5.02
5.07
5.05
4.85
4.85
4.85
5.03
4.69
4.55
4.42
4.15
4.20
4.32
4.36
4.47
4.63
4.53
4.42
4.62
4.98
4.97
4.94
5.20
5.23
5.16
5.17
5.37
5.05
4.67
4.79
4.55
4.42
4.27
4.48
4.74
4.94
4.99
5.16
4.84
4.81
4.91
5.00
5.15
5.02
5.12
4.94
4.72
4.82
5.09
4.95
5.04
5.25
4.95
5.15
5.20
4.82
5.06
4.79
5.00
5.01
4.91
5.30
5.00
4.93
5.07
5.01
4.92
4.76
4.63
4.37
4.50
4.51
4.64
4.59
4.48
4.60
4.82
5.09
5.06
4.88
5.09
5.08
5.12
5.04
5.27
4.99
4.86
4.71
4.64
4.70
4.61
4.48
4.49
4.65
4.66
4.50
4.79
4.55
4.35
4.48
4.81
5.07
5.10
5.23
5.14
5.10
4.59
4.63
4.65
4.44
4.11
4.25
4.12
4.20
4.03
3.86
3.95
3.33
3.15
3.14
3.34
3.31
3.45
3.33
3.40
3.43
3.59
3.60
3.80
3.80
3.94
3.81
3.72
3.61
3.41
3.34
3.61
3.52
4.12
4.17
4.27
4.08
4.28
4.30
4.09
4.08
4.09
4.06
4.03
4.01
4.06
4.18
4.03
3.99
3.87
4.08
4.39
4.44
4.39
4.15
3.89
3.90
3.81
4.03
4.28
4.22
4.27
3.90
4.38
4.27
4.07
4.10
4.03
3.78
3.85
3.96
4.33
3.99
4.01
3.76
3.69
3.31
3.45
3.70
4.23
4.44
4.65
4.76
4.65
4.48
4.54
4.77
4.70
4.64
4.80
4.75
4.69
4.79
4.64
4.61
4.49
4.32
4.47
4.37
4.29
4.66
4.53
4.64
4.49
4.51
4.45
4.70
4.50
4.60
4.40
4.47
4.52
4.56
4.74
4.80
4.74
4.89
4.99
4.67
4.54
4.69
4.39
4.87
4.44
4.64
4.52
4.63
4.70
4.63
4.52
4.50
4.47
4.64
4.65
4.45
4.72
4.80
4.87
4.69
4.25
4.12
3.99
4.17
4.08
4.33
4.31
4.23
4.21
4.57
4.74
4.59
4.27
4.24
4.28
4.54
4.22
4.18
4.58
4.64
4.44
4.50
4.23
4.12
4.00
4.23
4.25
4.37
4.01
4.15
4.45
4.43
4.66
4.70
4.76
4.52
4.53
4.72
4.62
4.44
4.46
4.22
4.21
4.27
4.19
4.53
4.57
4.46
4.69
4.52
4.56
4.57
4.52
4.48
4.46
4.56
4.99
4.98
4.81
4.54
4.70
4.80
4.53
4.45
4.55
4.80
5.05
5.10
4.83
4.92
4.94
4.62
4.50
4.38
4.63
4.78
4.92
5.05
5.12
4.69
5.09
5.13
4.66
4.61
4.48
4.55
4.31
4.16
4.22
3.86
3.92
4.02
4.19
4.03
4.18
4.04
3.88
4.15
4.40
4.02
4.06
4.03
4.09
4.12
4.21
4.25
4.21
4.47
4.85
5.13
4.99
4.98
4.96
4.58
4.43
4.55
4.32
4.58
4.72
5.08
5.15
4.94
4.76
4.77
4.79
4.73
4.90
5.31
5.33
5.48
5.43
5.36
4.82
4.62
4.91
4.99
4.70
4.71
4.67
4.65
4.55
4.40
4.14
4.36
4.51
4.40
4.46
4.75
4.70
4.58
4.44
4.40
4.48
4.88
4.61
4.44
4.37
4.13
4.50
4.78
4.75
4.68
4.68
4.73
4.79
4.73
4.59
4.94
4.88
4.82
4.74
4.76
4.61
4.48
4.25
4.43
4.74
4.64
4.59
4.49
4.46
4.19
3.99
4.02
3.63
3.83
3.78
3.62
3.58
3.57
3.54
3.70
3.61
3.69
3.54
3.76
3.66
4.03
4.01
3.91
4.11
4.13
4.15
4.40
4.34
4.58
4.37
4.82
4.83
4.87
4.86
4.63
4.56
4.86
4.66
4.55
4.51
4.42
4.22
4.06
4.30
4.20
4.10
4.07
3.88
3.89
3.99
3.80
3.82
4.23
3.89
3.57
3.50
3.76
3.78
3.82
3.74
3.75
3.61
3.83
4.03
4.34
4.11
4.01
4.13
3.96
3.77
3.91
3.90
3.68
3.94
3.79
3.86
4.04
3.97
3.87
4.08
4.24
4.03
4.02
3.74
4.18
4.29
4.20
4.30
4.03
4.07
4.23
4.27
4.39
4.32
4.35
4.48
4.68
4.56
4.57
4.61
4.38
4.22
4.29
4.27
4.34
4.55
4.60
4.48
4.42
4.25
4.42
4.73
4.76
4.32
4.38
4.31
4.69
4.83
4.77
4.48
4.43
4.55
4.24
4.20
4.50
4.23
4.23
4.41
4.35
4.60
4.69
4.76
4.96
4.62
4.89
4.51
4.26
4.38
4.22
3.91
4.02
4.04
4.19
4.50
4.55
4.52
4.42
4.84
4.93
5.17
5.17
5.06
5.04
5.10
4.91
5.10
4.96
5.17
5.47
5.30
5.47
5.25
5.00
4.79
4.85
4.94
4.67
4.92
4.75
4.31
3.98
4.28
4.08
4.10
4.18
3.95
4.22
4.37
4.70
4.66
4.49
4.24
4.24
3.98
4.13
4.30
4.36
4.25
4.10
4.15
4.30
4.52
4.24
4.37
4.34
4.25
4.23
4.24
4.31
4.42
4.25
4.31
4.32
4.47
4.35
4.36
4.15
4.48
4.35
4.53
4.85
4.67
4.50
4.68
4.28
4.34
4.42
4.24
4.55
4.58
4.68
4.24
4.02
4.08
3.94
3.81
3.84
3.78
3.84
3.93
3.75
4.03
4.12
4.45
4.52
4.24
4.11
3.98
3.92
3.80
3.68
3.58
3.63
3.59
3.80
4.00
4.27
4.19
4.13
4.19
4.39
4.39
4.48
4.70
4.34
4.26
4.08
4.34
4.44
4.43
4.22
4.25
4.15
4.16
4.30
4.47
4.34
4.50
4.31
4.56
4.64
4.66
4.88
4.61
4.73
4.48
4.48
4.42
4.43
4.31
4.53
4.41
4.63
4.56
4.71
5.05
5.04
4.83
4.33
4.39
4.62
4.72
4.57
4.96
4.76
5.01
4.92
5.15
5.22
5.70
5.69
5.80
5.64
5.62
5.50
5.43
5.38
5.19
5.10
4.97
4.98
5.30
5.22
5.12
5.08
5.11
5.29
5.15
5.35
5.46
5.64
5.41
5.35
5.19
5.10
5.35
5.23
5.18
5.35
5.38
5.28
5.10
5.28
5.43
5.75
5.91
5.62
5.30
5.05
4.69
4.84
4.83
4.90
4.95
4.87
4.47
5.01
4.64
4.88
4.71
4.23
4.18
4.27
4.23
4.31
4.53
4.47
4.77
4.71
4.77
4.66
4.72
4.48
4.38
4.29
4.65
4.49
4.47
4.63
4.76
4.94
5.05
5.01
4.82
4.83
4.69
4.82
4.76
5.03
4.83
5.24
5.55
5.13
5.11
5.22
5.24
4.76
4.85
4.79
4.43
4.46
4.74
4.81
4.89
4.83
