5.23
5.24
5.08
5.12
5.00
4.95
4.88
4.95
4.79
4.82
4.92
4.73
4.85
4.79
4.84
4.84
4.91
4.97
4.86
4.97
4.90
4.68
4.81
4.80
4.94
4.81
4.68
4.63
4.60
4.52
4.70
4.54
4.47
4.45
4.37
4.54
4.65
4.61
4.57
4.57
4.58
4.78
4.64
4.85
4.71
4.64
4.78
4.86
4.84
4.73
4.59
4.59
4.40
4.42
4.41
4.36
4.38
4.47
4.37
4.36
4.35
4.40
4.40
4.25
4.14
4.14
4.13
4.22
4.15
4.09
3.92
4.01
3.87
4.05
3.89
3.66
3.69
3.71
3.83
3.83
3.99
3.82
4.01
3.98
4.11
4.08
4.20
4.30
4.16
4.39
4.50
4.51
4.60
4.24
4.19
4.20
4.24
3.94
3.89
4.15
4.01
4.01
4.06
4.19
4.17
4.14
4.20
4.10
4.08
4.11
4.03
3.92
4.21
4.15
4.05
4.09
4.22
4.32
4.08
4.13
4.06
3.95
3.99
4.11
3.94
4.06
4.18
4.14
4.30
4.21
4.41
4.31
4.35
4.35
4.39
4.37
4.29
4.40
4.13
4.07
3.91
4.30
4.21
4.14
3.99
4.03
3.92
3.94
3.99
4.04
3.92
3.93
3.87
3.86
3.93
4.04
3.97
3.84
3.86
3.71
3.52
3.51
3.58
3.56
3.49
3.56
3.56
3.62
3.52
3.50
3.32
3.20
3.14
3.23
3.10
3.21
3.39
3.63
3.77
3.84
3.92
4.10
3.99
3.76
3.61
3.78
3.42
3.57
3.66
3.49
3.41
3.67
3.66
3.53
3.59
3.69
3.72
3.55
3.79
3.73
3.88
3.80
3.80
3.65
3.67
3.61
3.50
3.58
3.71
3.56
3.55
3.49
3.75
3.68
3.73
3.57
3.64
3.68
3.59
3.65
3.41
3.53
3.58
3.53
3.51
3.58
3.60
3.43
3.45
3.53
3.68
3.61
3.65
3.87
3.60
3.50
3.48
3.53
3.49
3.70
3.65
3.72
3.60
3.86
3.82
3.78
3.71
4.00
4.12
3.97
3.93
3.80
3.89
3.68
3.74
3.72
3.70
3.86
3.72
3.73
3.56
3.73
3.80
3.80
3.95
3.96
3.81
3.83
4.10
4.01
3.88
3.87
4.00
3.77
3.92
3.76
3.91
3.76
3.86
3.88
3.66
3.81
3.88
3.97
3.82
4.05
3.87
3.76
3.82
3.71
3.55
3.48
3.62
3.47
3.60
3.52
3.71
3.75
3.87
3.87
3.77
3.80
3.87
3.79
3.83
3.87
3.88
3.70
3.59
3.69
3.73
3.78
3.77
3.73
3.67
3.80
3.88
3.69
3.72
3.93
3.96
4.01
3.93
4.25
4.23
3.86
3.89
3.84
3.89
3.87
3.85
3.85
3.80
3.91
3.89
4.03
4.10
3.94
3.95
3.91
3.80
3.75
3.66
3.57
3.52
3.44
3.59
3.60
3.51
3.31
3.53
3.52
3.60
3.84
3.94
3.70
3.77
3.57
3.64
3.67
3.65
3.42
3.71
3.67
3.63
3.72
3.54
3.67
3.54
3.47
3.55
3.40
3.49
3.39
3.43
3.44
3.68
3.39
3.61
3.76
3.66
3.66
3.57
3.61
3.63
3.79
3.42
3.47
3.19
3.23
3.30
3.17
3.39
3.11
3.25
3.36
3.13
3.32
3.18
3.11
3.15
3.19
3.33
3.41
3.46
3.42
3.58
3.52
3.58
3.39
3.51
3.57
3.42
3.29
3.47
3.32
3.42
3.43
3.69
3.35
3.28
3.34
3.26
3.17
3.22
3.23
3.32
3.14
3.44
3.41
3.33
3.17
3.48
3.66
3.70
3.93
3.93
3.98
3.89
3.77
3.60
3.74
3.64
3.55
3.82
3.72
3.77
3.69
3.64
3.65
3.74
3.58
3.75
3.89
3.71
3.72
3.69
3.69
3.50
3.77
3.55
3.46
3.45
3.51
3.52
3.43
3.41
3.53
3.40
3.42
3.36
3.10
3.27
3.35
3.57
3.39
3.50
3.55
3.46
3.65
3.54
3.45
3.39
3.34
3.35
3.29
3.37
3.53
3.51
3.52
3.34
3.39
3.49
3.38
3.40
3.29
3.40
3.27
3.29
3.47
3.42
3.40
3.33
3.33
3.10
3.11
3.11
3.16
2.95
3.01
2.60
2.67
2.72
2.69
2.97
3.03
2.90
2.75
3.12
2.99
3.07
2.98
2.77
2.86
2.99
3.03
2.97
3.08
3.03
2.98
2.85
2.98
2.90
3.07
2.87
3.27
3.17
3.44
3.65
3.73
3.73
3.70
3.89
3.74
3.78
3.86
3.99
3.70
3.39
3.64
3.45
3.79
3.87
3.82
4.12
3.79
3.79
3.83
3.75
3.68
3.58
3.52
3.42
3.42
3.34
3.36
3.64
3.63
3.60
3.58
3.39
3.34
3.44
3.52
3.41
3.58
3.49
3.62
3.60
3.41
3.28
3.41
3.62
3.52
3.78
3.59
3.52
3.31
3.33
3.51
3.53
3.24
3.36
3.64
3.53
3.34
3.54
3.60
3.24
3.21
3.40
3.46
3.45
3.44
3.31
3.51
3.22
3.33
3.28
3.44
3.14
3.20
3.06
2.88
3.01
3.02
3.08
3.08
3.11
3.23
3.15
3.10
3.12
2.98
2.85
2.98
2.86
2.65
2.74
2.71
2.82
2.76
2.70
2.81
2.74
2.63
2.74
2.70
2.75
2.71
2.78
2.79
2.90
2.79
2.83
2.76
2.65
2.68
2.72
2.60
2.65
2.52
2.48
2.36
2.32
2.31
2.36
2.30
2.58
2.51
2.68
2.61
2.57
2.51
2.36
2.06
2.24
2.57
2.48
2.20
2.28
2.37
2.38
2.37
2.09
2.20
2.23
2.25
2.56
2.27
2.14
2.09
2.15
1.98
2.14
2.23
2.27
2.44
2.58
2.56
2.71
2.62
2.61
2.75
2.70
2.80
2.81
2.81
2.65
2.73
2.51
2.70
2.59
2.75
2.73
2.63
2.65
2.55
2.54
2.37
2.52
2.68
2.67
2.68
2.51
2.64
2.38
2.47
2.62
2.47
2.41
2.41
2.39
2.59
2.53
2.46
2.73
2.45
2.45
2.61
2.54
2.63
2.62
2.73
2.55
2.59
2.73
2.54
2.45
2.40
2.59
2.62
2.70
2.53
2.52
2.57
2.61
2.72
2.72
2.52
2.54
2.47
2.39
2.55
2.73
2.71
2.89
2.75
2.90
2.91
2.99
3.18
2.72
2.87
2.96
2.63
2.70
2.56
2.61
2.76
2.71
2.81
3.04
2.74
2.90
2.81
3.06
2.99
2.83
2.92
3.01
2.96
2.85
2.90
2.98
2.86
2.96
2.83
2.75
2.79
2.75
2.56
2.72
2.60
2.42
2.92
2.90
3.01
2.98
2.96
2.99
3.03
3.07
3.07
3.08
3.01
2.97
2.82
2.69
2.85
3.05
3.13
2.74
2.69
2.61
2.72
2.55
2.52
2.34
2.50
2.62
2.47
2.62
2.53
2.68
2.36
2.43
2.46
2.34
2.43
2.60
2.54
2.64
2.73
2.51
2.54
2.40
2.59
2.49
2.51
2.37
2.40
2.56
2.50
2.38
2.34
2.23
2.25
2.44
2.31
2.35
2.43
2.48
2.72
2.65
2.62
2.74
2.56
2.67
2.68
2.96
2.72
2.89
2.85
2.67
2.95
3.01
2.83
2.92
3.12
2.79
3.02
2.82
2.63
2.65
2.89
2.77
2.78
2.89
2.73
2.83
2.86
2.89
2.67
2.91
2.77
2.85
2.85
2.90
2.95
3.07
3.13
3.18
3.04
3.04
3.14
2.91
2.79
2.94
3.06
2.89
2.86
2.95
2.95
2.72
2.57
2.45
2.72
2.66
2.74
2.50
2.45
2.24
2.36
2.31
2.35
2.42
2.77
2.76
2.55
2.61
2.62
2.66
2.65
2.64
2.64
2.33
2.35
2.57
2.65
2.56
2.40
2.40
2.53
2.57
2.24
2.31
2.14
2.21
2.40
2.28
2.49
2.50
2.48
2.37
2.55
2.53
2.55
2.49
2.64
2.58
2.70
2.58
2.60
2.49
2.49
2.38
2.59
2.72
2.57
2.78
2.88
2.83
2.71
2.67
2.68
2.68
2.74
3.02
2.79
2.75
2.89
2.80
2.95
2.88
2.91
2.97
2.61
2.72
2.63
2.62
2.48
2.56
2.74
2.80
2.73
2.58
2.55
2.69
2.46
2.66
2.54
2.67
2.64
2.69
2.31
2.28
2.34
2.42
2.33
2.31
2.58
2.39
2.37
2.38
2.47
2.35
2.32
2.40
2.32
2.21
2.40
2.38
2.49
2.41
2.49
2.55
2.51
2.43
2.65
2.64
2.46
2.69
2.68
2.66
2.84
2.85
2.97
2.98
2.85
2.90
2.85
2.76
2.60
2.54
2.28
2.46
2.45
2.54
2.49
2.33
2.42
2.62
2.34
2.50
2.64
2.76
2.66
2.77
2.67
2.80
2.83
2.83
2.76
2.72
2.66
2.79
2.75
2.80
3.01
2.78
2.75
2.69
2.67
2.62
2.78
2.85
2.86
2.80
2.77
2.84
2.94
3.07
2.89
2.92
2.71
2.75
2.70
2.80
2.96
2.89
2.80
2.62
2.77
2.58
2.64
2.57
2.57
2.61
2.47
2.45
2.32
2.50
2.43
2.56
2.58
2.59
2.60
2.50
2.47
2.29
2.34
2.22
2.34
2.41
2.47
2.25
2.16
2.15
2.07
2.31
2.23
2.28
1.98
2.15
2.25
2.43
2.44
2.43
2.32
2.37
2.08
2.20
2.21
2.53
2.40
2.49
2.68
2.87
2.72
2.70
2.76
2.62
2.66
2.92
2.76
2.76
2.79
2.71
2.64
2.60
2.59
2.54
2.62
2.62
2.46
2.48
2.80
2.68
2.58
2.56
2.72
2.46
2.53
2.50
2.66
2.66
2.80
2.56
2.67
2.66
2.60
2.71
2.68
2.67
2.89
2.93
3.06
2.85
3.05
2.85
2.97
2.90
2.81
2.87
2.74
2.67
2.59
2.78
2.71
2.49
2.30
2.29
2.43
2.41
2.53
2.47
2.30
2.54
2.30
2.33
2.43
2.63
2.76
2.62
2.58
2.79
2.69
2.70
2.62
2.68
2.46
2.57
2.69
2.86
2.76
2.52
2.71
2.79
2.86
2.77
2.62
2.78
2.87
3.01
3.21
3.16
2.96
3.05
3.02
3.05
2.98
3.02
3.19
3.29
3.49
3.45
3.36
3.14
2.97
3.12
3.25
3.09
3.21
2.97
3.00
3.03
2.93
2.81
2.92
2.99
3.24
3.14
3.38
3.17
3.43
3.44
3.29
3.38
3.14
3.20
2.79
2.82
2.74
2.67
2.85
2.87
2.94
2.74
2.74
2.78
2.89
2.67
2.68
2.69
2.79
2.68
2.83
2.69
2.82
2.81
2.79
2.61
2.74
2.91
2.74
2.87
2.95
3.01
2.85
2.90
3.07
3.09
3.04
2.98
2.98
3.22
3.09
3.06
2.88
3.10
3.01
3.01
3.01
2.77
2.61
2.55
2.82
2.33
2.68
2.55
2.53
2.42
2.23
2.12
2.20
2.36
2.24
2.26
2.31
2.38
2.31
2.40
2.42
2.47
2.34
2.33
2.39
2.34
2.26
2.31
2.35
2.59
2.76
2.56
2.57
2.65
2.70
2.64
2.66
2.57
2.69
2.46
2.75
2.70
2.46
2.65
2.79
2.69
2.78
2.66
2.74
2.80
2.83
2.71
2.82
3.05
2.91
2.80
2.80
2.74
2.66
2.81
2.69
2.62
2.68
2.70
3.00
2.85
2.79
2.88
2.87
3.02
3.04
2.85
3.02
2.95
2.87
3.08
3.14
3.06
3.08
2.97
2.96
3.14
3.03
3.24
3.12
3.12
3.06
2.95
3.00
3.13
3.12
3.27
3.14
2.97
2.86
3.10
3.02
3.01
3.14
3.03
2.98
3.18
3.12
3.08
3.22
2.96
3.02
2.84
3.06
2.73
2.81
2.95
2.72
2.90
3.02
3.02
2.94
2.91
2.97
3.09
3.33
3.05
3.04
2.81
3.12
3.11
3.06
3.07
2.91
2.78
2.90
2.88
2.57
2.58
2.77
2.73
2.77
2.63
2.55
2.76
2.70
2.69
2.71
2.77
2.87
2.67
2.77
2.91
2.99
2.79
2.94
2.86
2.82
2.82
2.90
3.03
2.92
2.88
2.97
3.04
3.02
3.31
3.12
3.10
3.04
3.06
3.00
3.02
3.19
3.01
3.01
2.83
2.93
3.01
2.95
3.02
2.82
2.89
3.08
2.97
3.16
2.94
2.97
3.13
3.05
2.88
3.18
3.27
3.19
3.03
3.20
3.10
3.23
3.11
3.08
3.34
3.26
3.27
3.31
3.46
3.40
3.22
3.40
3.24
3.37
3.45
3.38
3.41
3.51
3.63
3.53
3.77
3.70
3.67
3.59
3.68
3.65
3.51
3.48
3.41
3.59
3.44
3.55
3.42
3.31
3.46
3.63
3.58
3.50
3.45
3.46
3.39
3.36
3.34
3.33
3.26
3.17
3.24
3.24
3.29
3.39
3.37
3.33
3.44
3.39
3.33
3.42
3.41
3.39
3.54
3.44
3.49
3.34
3.29
3.44
3.21
3.40
3.15
3.27
3.24
3.36
3.35
3.36
3.37
3.44
3.46
3.37
3.30
3.33
3.49
3.51
3.46
3.41
3.33
3.40
3.38
3.18
3.18
3.29
3.31
3.44
3.64
3.66
3.47
3.37
3.43
3.36
3.43
3.34
3.08
2.90
3.03
3.19
3.27
3.02
3.18
3.07
2.99
2.94
2.80
2.86
3.02
3.19
3.07
2.93
2.99
2.93
2.74
2.98
3.04
2.98
2.92
2.98
2.73
2.59
2.79
2.74
2.43
2.54
2.68
2.66
2.65
2.69
2.85
2.71
2.78
2.71
2.64
2.76
2.63
2.80
2.60
2.64
2.66
2.81
2.89
2.73
2.72
2.66
2.92
2.83
2.89
2.85
3.00
3.11
2.99
2.72
2.66
2.76
2.71
2.90
2.75
2.59
2.61
2.55
2.57
2.66
2.62
2.71
2.61
2.72
2.64
2.48
2.57
2.50
2.69
2.68
2.52
2.66
2.77
2.84
2.90
2.99
3.05
3.01
3.10
3.12
3.05
3.04
2.96
3.02
3.13
3.24
3.16
3.26
3.28
3.10
3.22
3.40
3.31
3.05
3.03
3.17
3.00
2.95
3.12
3.01
3.02
3.09
3.21
3.12
3.28
3.29
3.38
3.48
3.51
3.17
3.26
3.27
3.28
3.26
3.23
3.24
3.40
3.37
3.34
3.24
3.43
3.25
3.24
3.22
3.64
3.66
3.52
3.61
3.77
3.84
3.83
3.88
3.73
3.72
3.84
3.86
3.81
3.76
3.72
3.55
3.65
3.46
3.21
3.39
3.48
3.51
3.49
3.80
3.63
3.63
3.96
3.71
3.82
3.78
3.63
3.68
3.82
3.82
3.75
3.87
3.88
3.55
3.69
3.82
3.86
3.69
3.65
3.61
3.63
3.66
3.52
3.49
3.54
3.81
3.71
3.81
3.67
3.70
3.49
3.61
3.54
3.49
3.37
3.48
3.30
3.38
3.31
3.49
3.58
3.73
3.79
3.71
3.64
3.62
3.55
3.52
3.57
3.37
3.42
3.46
3.47
3.41
3.52
3.53
3.43
3.52
3.47
3.50
3.47
3.31
3.23
3.38
3.38
3.35
3.35
3.27
3.34
3.42
3.46
3.31
3.51
3.28
3.57
3.48
3.63
3.58
3.60
3.58
3.74
3.48
3.51
3.69
3.78
3.85
3.90
3.53
3.63
3.58
3.62
3.48
3.36
3.40
3.23
3.56
3.48
3.79
3.80
3.91
3.73
3.76
3.58
3.55
3.57
3.72
3.70
3.88
3.86
3.80
3.85
3.98
3.79
3.86
3.88
3.85
4.00
4.02
3.96
3.94
3.83
4.11
4.02
4.01
4.08
4.11
4.03
4.30
4.27
3.98
3.89
4.10
4.07
3.93
3.99
4.05
3.96
4.15
3.84
3.97
4.09
4.02
3.91
3.90
3.95
3.97
3.98
3.88
3.84
3.92
3.96
4.01
3.83
3.71
3.76
3.80
3.83
3.52
3.59
3.59
3.67
3.78
3.70
3.64
3.58
3.53
3.43
3.48
3.59
3.46
3.49
3.62
3.70
3.49
3.62
3.55
3.55
3.62
3.53
3.70
3.69
3.75
3.73
3.71
3.74
3.64
3.68
3.63
3.73
3.66
3.52
3.42
3.41
3.41
3.21
3.26
3.41
3.55
3.41
3.31
3.39
3.47
3.46
3.38
3.42
3.32
3.56
3.57
3.34
3.46
3.42
3.35
3.22
3.26
3.30
3.46
3.50
3.52
3.48
3.52
3.47
3.40
3.39
3.46
3.59
3.44
3.37
3.40
3.36
3.31
3.32
3.36
3.31
3.65
3.44
3.32
3.36
3.29
3.39
3.31
3.24
3.35
3.23
3.49
3.45
3.28
3.40
3.47
3.55
3.45
3.49
3.34
3.32
3.43
3.43
3.24
3.25
3.37
3.28
3.18
3.53
3.42
3.37
3.46
3.53
3.61
3.52
3.66
3.43
3.57
3.55
3.45
3.54
3.63
3.72
3.44
3.42
3.45
3.47
3.62
3.41
3.42
3.42
3.36
3.40
3.35
3.50
3.45
3.42
3.49
3.66
3.48
3.57
3.63
3.47
3.54
3.57
3.51
3.62
3.58
3.63
3.62
3.57
3.83
3.69
3.71
3.59
3.63
3.51
3.59
3.73
3.69
3.61
3.65
3.71
3.61
3.80
3.73
3.72
3.52
3.66
3.73
3.59
3.69
3.61
3.45
3.71
3.48
3.54
3.46
3.37
3.51
3.33
3.49
3.32
3.43
3.65
3.34
3.63
3.60
3.65
3.62
3.58
3.49
3.78
3.49
3.66
3.57
3.49
3.54
3.68
3.62
3.52
3.65
3.76
3.86
3.73
3.64
3.57
3.40
3.47
3.66
3.74
3.42
3.59
3.50
3.17
3.30
3.24
3.17
3.33
3.31
3.21
3.40
3.39
3.17
3.34
3.37
3.27
3.20
3.06
3.04
3.13
3.20
3.06
3.10
3.25
3.14
3.18
3.28
3.41
3.46
3.81
3.65
3.54
3.49
3.45
3.58
3.36
3.57
3.64
3.63
3.58
3.56
3.75
3.63
3.65
3.60
3.69
3.74
3.69
3.67
3.50
3.62
3.52
3.68
3.55
3.49
3.51
3.53
3.59
3.54
3.59
3.35
3.21
3.19
3.03
3.10
2.97
2.99
2.96
3.08
3.27
3.18
3.34
3.21
3.29
3.42
3.50
3.40
3.51
3.58
3.53
3.48
3.54
3.61
3.64
3.66
3.63
3.40
3.53
3.54
3.69
3.57
3.41
3.66
3.77
3.86
3.80
3.62
3.76
3.69
3.66
3.82
3.74
3.71
3.85
3.54
3.78
3.72
3.57
3.80
3.60
3.49
3.60
3.65
3.83
3.78
3.62
3.47
3.54
3.63
3.51
3.59
3.69
3.56
3.70
3.59
3.44
3.53
3.32
3.29
3.26
2.98
3.27
3.22
3.02
2.94
2.84
3.03
3.00
3.14
3.11
3.01
3.19
2.97
2.87
3.00
3.19
3.08
3.09
3.30
3.35
3.43
3.44
3.53
3.64
3.86
3.80
3.66
3.69
3.68
3.60
3.48
3.54
3.50
3.50
3.43
3.49
3.36
3.16
3.06
3.09
3.11
3.11
3.15
3.34
3.22
3.41
3.42
3.32
3.39
3.25
3.27
3.36
3.26
3.54
3.29
3.10
3.27
3.25
3.33
3.22
3.35
3.17
3.22
3.32
3.28
3.26
3.27
3.28
3.05
3.16
3.16
2.91
3.08
2.93
2.88
3.15
3.11
3.23
3.17
3.20
3.04
2.95
2.88
2.79
2.75
2.98
2.92
2.97
2.92
2.97
2.82
2.92
3.05
3.05
3.22
2.90
3.10
2.76
2.85
2.89
2.85
2.92
2.99
3.06
3.33
2.97
3.03
3.16
3.28
3.10
3.30
3.26
3.24
3.29
3.12
3.22
3.29
3.48
3.56
3.57
3.50
3.49
3.64
3.62
3.55
3.61
3.69
3.70
3.72
3.63
3.63
3.73
3.68
3.62
3.50
3.60
3.69
3.73
3.64
3.69
3.43
3.44
3.31
3.32
3.59
3.55
3.55
3.67
3.69
3.54
3.51
3.37
3.46
3.52
3.72
3.69
3.72
3.74
3.68
3.61
3.67
3.64
3.57
3.59
3.71
3.96
3.84
3.66
3.78
3.71
3.65
3.71
3.73
3.73
3.58
3.71
3.59
3.30
3.45
3.50
3.34
3.51
3.58
3.59
3.46
3.40
3.27
3.59
3.48
3.65
3.56
3.51
3.46
3.64
3.43
3.52
3.44
3.33
3.63
3.52
3.58
3.53
3.61
3.41
3.51
3.50
3.41
3.15
3.04
3.20
3.06
3.15
3.17
2.82
3.16
2.97
2.99
2.96
2.84
2.85
2.84
2.79
2.72
2.64
2.82
2.79
2.73
2.76
2.81
2.76
2.80
2.80
2.76
2.60
2.76
2.81
3.06
2.74
2.97
3.13
3.07
3.25
3.26
3.20
3.18
2.93
2.95
2.93
2.99
3.07
2.92
2.83
2.85
2.74
2.91
3.09
2.96
2.74
2.94
2.77
2.61
2.75
2.60
2.60
2.67
2.41
2.35
2.40
2.47
2.35
2.57
2.63
2.86
2.50
2.49
2.64
2.51
2.50
2.59
2.55
2.62
2.86
2.85
2.90
2.75
2.74
2.75
2.66
2.65
2.38
2.43
2.28
2.22
2.29
2.26
2.27
2.21
2.21
2.27
2.09
2.16
2.03
1.91
1.77
1.80
1.85
1.64
1.90
1.80
1.91
2.09
1.94
1.98
1.94
1.90
2.00
2.04
1.83
1.99
1.77
1.71
1.86
1.88
1.59
1.76
1.76
1.83
2.03
1.95
1.92
1.89
1.89
1.75
1.92
1.89
1.79
2.05
1.85
1.94
1.98
1.95
2.06
2.05
2.00
1.91
2.29
2.03
1.97
1.92
2.00
1.91
1.93
1.90
2.05
2.05
2.24
2.28
2.22
2.23
2.25
2.14
1.66
1.75
1.74
1.86
1.93
1.93
1.86
2.08
2.00
1.92
1.96
1.92
2.01
1.96
2.02
2.10
1.99
1.88
2.09
1.75
1.96
2.06
2.13
2.17
1.99
2.25
1.99
2.07
1.86
2.03
2.07
2.02
2.13
1.92
1.98
1.85
1.83
1.78
1.68
1.91
1.75
1.95
1.77
1.95
1.84
1.91
2.07
1.97
1.95
1.98
2.17
1.91
1.91
1.97
1.90
2.04
2.09
2.09
1.84
1.88
1.93
2.01
1.94
1.99
2.01
2.16
1.93
2.05
2.10
2.15
2.14
2.36
2.50
2.41
2.36
2.51
2.29
2.33
2.11
2.04
1.91
1.81
1.84
1.79
1.87
1.81
1.83
1.92
1.74
1.83
1.71
1.77
1.93
2.00
1.99
1.89
1.81
1.98
1.92
1.88
1.77
1.97
1.91
1.84
1.82
1.95
1.70
1.73
1.80
1.72
1.92
2.03
1.95
2.09
1.83
1.98
2.07
1.89
1.90
1.80
1.93
1.82
1.74
1.74
1.87
1.99
2.04
2.03
1.97
2.08
1.96
2.06
2.11
2.07
2.14
2.13
2.06
1.83
1.78
1.98
1.91
2.03
1.99
1.81
1.77
1.81
1.70
1.76
1.64
1.72
1.75
1.70
1.76
1.87
1.87
1.69
1.74
1.71
1.83
1.87
1.87
1.85
2.16
1.76
1.80
1.86
1.77
2.02
1.84
1.78
1.82
1.97
1.93
1.78
1.92
1.77
1.68
1.63
1.67
1.78
1.77
1.86
1.76
1.82
1.83
1.93
2.04
1.74
1.63
1.70
1.75
1.66
1.59
1.81
1.86
1.75
1.53
1.62
1.74
1.84
1.81
1.81
1.62
1.60
1.64
1.99
1.87
1.87
2.02
2.15
2.09
2.04
2.14
1.96
2.16
2.24
2.09
2.05
1.94
2.08
2.02
2.07
2.12
1.88
2.05
1.88
2.20
1.79
1.98
1.87
1.86
2.00
1.97
1.97
1.87
2.04
2.01
1.80
1.96
1.82
1.74
1.75
1.66
1.68
1.72
1.78
1.74
1.59
1.75
1.61
1.60
1.56
1.64
1.59
1.50
1.64
1.66
1.69
1.70
1.61
1.68
1.63
1.70
1.60
1.79
1.76
1.67
1.94
1.82
1.80
1.68
1.88
1.56
1.52
1.61
1.70
1.90
1.93
2.08
1.99
1.96
2.04
1.96
2.15
2.04
1.98
1.98
2.09
1.76
2.00
1.98
2.14
1.89
1.88
1.84
2.23
2.20
2.04
2.08
2.18
2.10
2.21
2.05
2.17
2.14
2.04
1.90
1.89
2.13
2.10
2.20
2.25
2.30
2.30
2.50
2.39
2.36
2.33
2.28
2.33
2.29
2.36
2.34
2.08
1.99
2.19
2.15
2.12
2.04
2.10
1.91
1.91
2.03
2.09
2.14
2.16
2.22
2.08
2.07
1.89
1.95
1.99
1.75
1.77
1.59
1.67
1.43
1.49
1.62
1.57
1.51
1.54
1.54
1.66
1.54
1.46
1.56
1.49
1.53
1.66
1.52
1.47
1.47
1.44
1.44
1.49
1.44
1.59
1.71
1.53
1.51
1.40
1.68
1.50
1.65
1.56
1.68
1.70
1.61
1.66
1.79
1.68
1.74
1.74
1.82
1.65
1.63
1.58
1.59
1.47
1.53
1.62
1.78
1.79
1.63
1.62
1.67
1.75
1.80
1.71
1.67
1.59
1.44
1.55
1.69
1.56
1.51
1.61
1.60
1.51
1.63
1.48
1.64
1.75
1.92
1.87
1.87
1.94
1.96
1.89
1.97
1.91
1.91
1.88
1.95
2.00
1.90
1.85
1.95
1.97
2.10
1.90
1.74
2.02
1.95
2.03
2.02
1.84
1.88
2.00
1.77
1.74
1.96
1.86
1.93
1.74
1.73
1.76
1.71
1.72
1.63
1.64
1.72
1.70
1.64
1.64
1.70
1.72
1.99
1.94
1.83
1.81
1.75
1.95
1.85
1.62
1.71
1.64
1.76
1.77
1.74
1.66
1.76
1.68
1.67
1.60
1.51
1.54
1.53
1.45
1.66
1.47
1.65
1.41
1.50
1.40
1.69
1.67
1.74
1.67
1.63
1.64
1.65
1.66
1.70
1.63
1.68
1.77
1.77
1.76
1.98
1.97
1.93
1.93
1.90
1.97
2.00
2.09
1.96
1.90
1.75
1.70
1.81
1.72
1.86
1.65
1.83
1.77
1.81
1.76
1.70
1.56
1.78
1.72
1.85
1.75
1.93
1.78
1.55
1.72
1.77
1.78
1.74
1.71
1.66
1.67
1.83
1.98
1.86
1.87
1.92
1.82
1.87
1.78
1.86
1.81
1.93
1.83
1.76
1.64
1.65
1.80
1.84
1.80
1.73
1.74
1.85
1.67
1.87
1.75
1.73
1.73
1.82
1.90
1.90
1.64
1.88
1.87
1.76
1.87
2.03
2.16
2.07
2.22
2.20
2.05
2.18
2.23
2.16
2.01
2.06
2.10
2.09
2.04
2.20
2.14
2.05
2.03
2.02
1.76
1.66
1.84
1.63
1.84
1.80
1.91
1.73
1.84
1.66
1.62
1.83
1.52
1.65
1.77
1.96
2.15
2.09
1.96
1.94
1.98
2.07
2.01
2.13
2.14
2.06
2.16
2.14
1.97
1.88
1.83
1.78
1.96
2.04
2.04
2.02
1.92
2.07
1.95
1.89
1.95
2.13
2.10
2.07
2.13
1.87
2.02
2.24
2.08
2.15
2.34
2.13
2.07
2.18
2.19
2.05
2.26
2.20
2.14
2.24
2.16
2.16
2.18
2.12
2.25
2.15
2.07
2.11
2.19
2.09
2.17
2.20
2.20
2.04
2.10
2.14
2.15
2.06
2.25
2.10
2.11
1.98
1.99
2.15
2.22
2.12
2.28
2.16
2.24
2.30
2.30
2.36
2.46
2.33
2.34
2.26
2.35
2.23
2.38
2.46
2.38
2.45
2.50
2.56
2.56
2.52
2.41
2.27
2.21
2.37
2.23
2.39
2.22
2.08
2.24
2.27
2.26
2.26
2.15
2.24
2.21
2.13
2.24
2.15
2.04
2.07
1.94
2.03
2.09
2.06
2.05
1.89
1.89
1.84
1.73
1.91
1.92
1.85
1.87
1.90
2.15
2.16
2.19
2.26
2.15
2.15
2.00
2.08
2.06
2.05
2.00
1.81
1.96
1.88
2.14
2.00
1.99
2.24
2.21
2.06
2.09
2.12
2.26
2.23
2.14
2.09
1.95
1.84
1.92
1.84
1.77
1.82
1.87
2.04
1.85
1.93
1.94
1.85
1.91
1.89
1.96
1.93
1.95
2.11
1.86
1.94
2.15
1.99
1.99
1.96
1.97
1.83
2.06
1.91
1.93
1.96
1.97
2.07
2.09
2.11
2.16
1.68
2.04
2.03
2.18
2.13
1.99
2.12
2.11
2.06
1.94
2.15
1.99
2.06
2.03
2.00
1.91
1.93
2.13
2.08
2.16
1.96
2.29
2.23
2.07
2.01
1.99
1.91
2.06
2.05
1.97
1.79
2.00
2.13
1.96
1.94
1.88
2.16
2.04
1.94
2.10
2.20
2.20
1.92
2.00
1.89
1.92
1.82
1.89
1.89
2.13
2.19
2.13
2.09
2.08
2.14
2.08
2.26
2.09
2.03
2.02
2.21
2.24
2.32
2.11
2.00
2.16
2.19
2.29
2.18
1.99
2.05
1.93
2.04
2.04
2.03
2.04
1.78
1.97
1.83
1.91
1.73
1.76
1.80
1.68
1.71
1.75
1.81
1.92
1.65
1.55
1.76
1.60
1.62
1.84
1.93
2.07
2.00
2.13
1.98
2.05
2.03
1.89
1.84
1.92
1.87
1.96
1.95
2.12
2.03
2.06
2.00
1.95
2.06
1.97
2.05
2.17
2.04
2.04
1.98
2.18
2.07
2.09
2.17
2.12
2.05
1.89
1.94
1.84
1.86
1.78
1.85
1.89
1.97
2.13
2.07
2.07
1.95
2.03
1.97
1.84
1.77
1.80
1.89
2.00
1.97
2.06
2.03
2.06
2.13
2.15
2.11
2.00
1.92
1.79
2.09
2.08
2.02
2.05
1.92
2.19
2.01
2.03
1.98
1.98
2.14
2.11
1.98
2.02
1.95
1.93
2.00
1.98
2.07
1.93
2.06
1.93
2.14
1.87
2.01
1.94
1.87
2.04
1.88
1.83
1.83
2.02
1.87
1.95
1.91
1.95
1.98
2.01
2.00
2.22
2.20
2.20
2.03
2.21
2.05
1.94
1.75
1.77
1.60
1.60
1.67
1.73
1.74
1.78
2.00
1.92
1.83
1.88
1.97
1.87
1.78
1.54
1.63
1.59
1.75
1.67
1.76
1.68
1.63
1.63
1.83
1.83
1.97
2.00
1.97
1.86
1.69
1.67
1.76
1.56
1.42
1.52
1.66
1.73
1.66
1.63
1.86
1.77
1.75
1.86
1.69
1.92
1.75
1.96
1.93
2.13
1.99
1.97
1.79
1.82
1.80
1.79
1.64
1.80
1.65
1.91
1.64
1.72
1.88
1.94
1.80
1.89
1.87
1.85
1.85
1.86
1.87
1.84
1.91
2.06
2.18
1.96
2.05
1.99
1.96
1.90
1.76
2.02
1.86
2.02
1.94
2.16
2.19
2.16
2.12
2.11
2.06
1.96
2.07
1.91
1.84
2.00
1.84
1.78
1.99
2.23
2.09
2.07
2.01
2.07
1.98
2.04
1.83
2.07
2.00
1.88
2.07
2.12
2.19
2.16
2.25
2.21
2.02
1.94
2.13
1.99
1.94
2.03
2.02
2.08
2.03
1.86
2.01
2.00
1.98
2.00
1.92
2.02
1.92
1.86
1.97
1.78
1.91
2.03
2.26
2.29
2.08
2.13
1.96
2.04
2.10
1.99
2.13
2.04
2.10
2.05
1.93
2.12
2.01
2.05
2.13
2.04
2.01
2.05
1.96
1.98
1.95
2.02
2.16
1.92
1.97
1.83
2.10
2.00
2.04
1.89
1.93
1.92
2.06
2.09
2.22
2.12
2.06
2.10
2.01
2.01
2.00
2.00
2.10
2.07
1.98
2.09
2.08
2.11
2.03
2.17
2.12
1.88
2.10
2.14
2.26
2.26
2.15
2.28
2.09
2.17
2.49
2.52
2.30
2.38
2.32
2.22
2.28
2.18
2.23
2.18
2.10
2.24
2.29
2.20
2.14
2.01
1.96
1.64
1.68
1.67
1.73
1.70
1.79
1.74
1.86
1.94
2.02
1.73
1.80
1.95
2.02
1.81
1.79
2.02
1.82
1.96
1.87
1.98
2.09
2.06
2.34
2.09
2.11
2.03
2.07
2.13
2.11
2.14
2.27
2.14
2.14
2.13
2.35
2.29
2.21
2.43
2.55
2.29
2.31
2.30
2.46
2.50
2.40
2.62
2.61
2.39
2.40
2.26
2.47
2.47
2.33
2.37
2.20
2.37
2.20
2.46
2.33
2.11
2.12
1.94
2.19
2.32
2.11
2.19
2.28
2.19
2.13
2.38
2.26
2.16
2.34
2.48
2.44
2.26
2.36
2.32
2.38
2.28
2.26
2.15
2.11
2.10
2.02
2.07
2.14
2.09
2.12
2.33
2.10
2.31
2.22
1.94
1.83
1.78
1.79
1.87
1.97
1.66
1.74
1.75
1.79
1.76
1.76
1.76
1.59
1.90
1.81
1.80
1.79
1.66
1.67
1.79
1.72
1.71
1.71
1.64
1.67
1.79
1.95
1.90
1.89
1.92
1.91
1.76
1.88
1.99
1.99
2.00
1.90
1.86
1.75
1.81
1.83
1.78
1.82
1.75
1.71
1.81
1.84
1.80
1.78
1.91
1.90
2.11
1.95
2.09
1.96
1.83
1.94
1.91
1.96
1.91
1.67
1.97
1.84
1.85
1.85
1.84
2.01
1.69
1.95
1.77
1.76
1.96
1.72
2.01
1.94
1.86
1.93
1.64
1.68
1.51
1.60
1.56
1.63
1.62
1.58
1.74
1.81
1.81
1.58
1.67
1.63
1.85
1.75
1.68
1.66
1.67
1.54
1.49
1.76
1.70
1.76
1.76
1.75
1.65
1.81
1.68
1.77
1.85
1.86
1.89
1.79
1.94
2.04
1.74
1.90
1.75
1.87
1.81
1.80
1.92
1.78
1.75
1.86
1.75
1.62
1.92
1.84
1.92
2.00
2.01
2.14
2.28
2.15
2.32
2.45
2.15
2.22
2.24
2.05
2.04
1.96
1.86
1.80
1.90
1.82
1.98
1.98
1.88
1.93
1.95
1.99
1.97
2.04
2.25
2.31
2.35
2.30
2.26
2.26
2.20
2.30
2.30
2.28
2.29
2.11
2.21
2.15
2.00
2.02
2.05
2.01
2.00
1.94
1.98
1.94
1.82
1.92
1.88
1.82
1.90
1.84
1.86
1.79
1.92
1.71
1.85
1.77
1.86
1.82
1.96
1.76
1.75
1.61
1.77
1.96
1.99
1.95
1.96
1.89
1.76
1.80
1.63
1.56
1.81
1.68
1.75
1.80
1.76
1.86
1.84
1.69
1.94
1.99
1.97
1.93
2.04
1.94
2.01
1.97
2.06
2.14
2.33
2.17
2.09
2.10
1.98
1.92
1.90
1.98
2.14
2.04
2.03
1.94
2.01
1.97
2.10
2.06
1.92
1.99
1.95
1.97
1.94
2.00
2.03
1.97
1.77
1.73
1.73
1.75
1.73
1.71
1.58
1.62
1.77
1.58
1.63
1.73
1.75
1.79
1.74
1.92
2.00
1.86
1.96
1.73
1.96
2.01
1.90
1.81
1.85
1.97
1.94
2.04
1.91
2.00
2.21
1.89
1.97
2.08
2.10
1.98
2.13
1.92
2.09
2.02
2.23
2.13
2.03
2.26
2.20
2.10
2.16
2.29
2.31
2.36
2.48
2.37
2.43
2.20
2.21
2.31
2.23
2.08
2.09
2.02
2.03
2.01
2.25
2.02
2.06
1.95
2.23
2.04
2.00
1.76
1.88
1.96
1.96
2.02
2.09
2.16
1.94
2.22
1.94
1.81
1.96
2.04
2.12
1.86
1.98
1.94
1.91
2.04
1.81
1.93
1.89
1.91
1.75
1.74
1.55
1.70
1.66
1.71
1.75
1.69
1.72
1.82
1.57
1.86
1.98
2.01
2.02
1.88
1.88
2.03
1.96
1.94
2.08
2.23
2.33
2.41
2.25
1.99
2.35
2.24
2.26
2.00
2.13
1.84
2.01
2.00
1.97
2.02
1.89
1.80
1.80
1.82
1.91
2.09
2.16
2.09
2.06
2.08
2.05
2.12
2.03
1.90
2.24
2.05
2.11
2.09
1.95
2.10
2.11
2.04
1.94
1.95
2.09
2.14
2.17
2.09
2.18
2.06
2.10
2.14
2.17
2.16
2.19
2.21
2.16
2.14
1.97
2.02
2.08
2.05
2.06
2.13
1.98
2.15
2.22
2.24
2.24
2.30
2.34
2.31
2.30
2.27
2.45
2.29
2.24
2.31
2.25
2.26
2.24
2.01
2.26
2.15
2.07
1.93
2.00
2.03
1.93
1.92
1.92
1.91
2.09
2.14
2.13
2.03
1.95
2.28
2.03
2.11
2.11
2.02
1.96
2.07
1.97
2.14
2.03
2.03
2.06
1.94
1.97
1.95
1.99
1.97
1.91
2.07
1.89
1.77
1.79
1.92
2.00
1.83
1.82
1.92
2.06
1.87
1.81
1.73
1.63
1.92
1.86
1.85
1.85
1.78
1.79
2.04
1.81
1.85
1.79
1.86
1.83
1.77
1.83
1.87
1.91
1.89
1.70
1.74
1.80
1.63
1.69
1.91
2.14
2.18
2.09
2.13
2.36
2.14
2.30
2.35
2.15
2.27
2.31
2.14
2.20
2.28
2.30
2.13
1.99
1.91
1.85
2.00
1.74
1.69
1.96
2.01
1.91
1.89
1.94
1.94
1.97
2.29
2.24
2.05
1.97
2.10
2.12
2.09
2.12
2.08
2.02
1.96
1.86
1.85
1.85
1.90
1.88
1.86
1.77
1.87
1.94
2.06
2.00
1.94
1.91
1.98
1.95
1.89
1.98
1.97
2.00
2.07
2.00
1.98
2.11
1.99
2.01
1.89
2.03
1.78
1.86
1.95
2.05
2.03
2.01
2.01
2.00
2.10
2.07
2.07
2.19
2.19
2.26
2.25
2.19
2.23
2.27
2.36
2.01
2.13
2.26
2.23
2.25
2.25
2.22
2.53
2.53
2.28
2.39
2.16
2.17
2.16
2.15
2.26
2.19
1.99
2.02
2.24
2.18
2.27
2.26
1.95
1.88
2.03
1.87
2.07
2.00
2.08
2.23
2.26
2.19
2.14
2.04
2.14
2.07
2.19
2.14
2.07
1.88
2.07
2.11
2.16
2.28
2.40
2.31
2.36
2.16
2.13
2.18
2.34
2.34
2.13
2.12
2.18
2.09
2.20
2.09
2.05
1.98
2.05
1.85
2.11
2.00
2.23
2.15
2.07
2.13
2.16
2.15
2.03
2.04
1.99
2.06
2.15
1.93
1.98
2.03
2.09
1.88
2.12
1.89
1.85
2.07
2.05
1.90
1.78
1.97
1.82
1.65
1.83
1.75
1.73
1.82
1.85
1.78
1.76
1.94
2.12
1.87
2.05
2.03
2.04
1.88
1.92
2.13
1.99
1.77
1.76
1.61
1.59
1.94
1.89
1.86
1.89
1.77
1.88
1.98
1.95
2.16
1.99
1.87
1.82
1.91
1.74
1.98
1.85
2.06
1.93
2.22
1.92
1.94
1.86
1.69
1.88
1.63
1.77
1.83
1.73
1.68
1.73
1.75
1.87
1.91
1.69
1.93
1.84
1.84
1.69
1.65
1.63
1.59
1.91
1.89
1.91
1.82
1.80
1.85
1.78
1.67
1.70
1.66
1.62
1.65
1.70
1.77
1.62
1.66
1.69
1.74
1.71
1.72
1.75
1.64
1.70
1.70
1.84
1.82
1.53
1.85
1.60
1.82
1.59
1.71
1.72
1.92
1.93
1.91
1.83
1.43
1.61
1.46
1.49
1.63
1.73
1.72
1.86
1.73
1.83
1.84
1.85
1.85
1.85
1.94
2.00
1.98
1.91
2.15
2.24
2.11
1.96
1.96
2.04
2.17
2.19
2.16
1.81
1.92
1.89
1.58
1.72
1.69
1.65
1.74
1.76
1.87
1.73
1.73
1.70
1.62
1.60
1.49
1.43
1.36
1.46
1.34
1.53
1.47
1.53
1.59
1.43
1.59
1.53
1.67
1.80
1.71
1.74
1.82
1.95
1.83
1.80
1.91
1.75
1.96
1.81
1.93
1.99
1.97
1.96
1.99
1.82
1.90
1.71
1.69
1.71
1.81
1.78
1.75
1.95
1.97
1.96
2.13
2.03
2.15
2.13
2.06
2.12
2.34
2.38
2.17
2.20
1.99
2.22
2.26
2.17
2.13
2.00
1.74
1.92
1.85
1.99
1.89
2.07
2.04
2.02
2.13
2.17
2.16
2.10
2.26
2.11
2.03
2.22
2.09
2.14
2.11
2.18
2.22
2.10
2.22
2.05
2.05
1.97
1.96
1.90
1.83
1.91
1.68
1.83
1.86
1.73
1.91
2.04
2.24
2.04
2.15
1.98
2.04
1.93
1.99
2.01
1.83
2.07
1.96
2.09
2.28
2.20
2.11
2.16
1.99
2.07
1.97
2.07
1.91
2.02
1.93
2.10
2.01
1.82
2.04
1.92
1.98
2.00
1.99
2.03
2.11
2.15
2.16
2.15
2.27
2.10
1.96
1.89
1.81
1.88
1.76
1.67
1.75
1.78
1.78
1.85
1.95
1.77
1.75
1.74
1.88
1.96
1.97
1.91
1.74
1.73
1.84
1.84
1.85
1.91
1.89
1.83
1.69
1.80
1.88
1.88
1.92
1.97
2.08
2.11
2.12
2.18
2.07
2.19
2.01
1.96
1.89
1.83
2.09
1.87
1.86
1.73
1.73
1.69
1.78
1.87
1.88
1.89
1.96
2.11
1.99
2.04
1.98
1.89
1.99
2.06
2.00
1.89
1.98
1.92
1.81
1.59
1.78
1.92
1.84
1.89
1.95
1.71
1.70
1.75
1.89
1.79
1.82
1.93
1.92
1.90
1.74
1.72
1.54
1.51
1.67
1.81
1.77
1.56
1.67
1.70
1.74
1.72
1.84
1.86
1.83
1.97
1.98
2.21
2.15
1.95
1.95
1.84
1.87
1.82
1.89
1.77
1.75
1.82
1.86
2.01
1.89
1.58
1.59
1.61
1.73
1.59
1.63
1.72
1.71
1.75
1.73
1.56
1.77
1.75
1.88
1.70
1.65
1.64
1.75
1.87
1.79
1.87
1.84
1.82
1.74
1.62
1.64
1.69
1.70
1.67
1.64
1.65
1.68
1.53
1.70
1.56
1.68
1.58
1.64
1.41
1.45
1.31
1.39
1.58
1.39
1.46
1.54
1.63
1.63
1.75
1.65
1.81
1.78
1.89
2.05
2.07
1.91
2.04
1.98
1.82
1.84
1.91
1.71
1.79
1.85
1.82
2.03
1.79
1.72
1.71
1.58
1.77
1.77
1.71
1.79
1.70
1.65
1.80
1.65
1.69
1.68
1.68
1.61
1.70
1.50
1.56
1.71
1.66
1.77
1.76
1.77
1.72
1.78
1.45
1.49
1.64
1.64
1.71
1.66
1.71
1.59
1.53
1.59
1.50
1.64
1.78
1.80
1.76
1.55
1.77
1.63
1.62
1.53
1.70
1.51
1.71
1.50
1.59
1.54
1.48
1.45
1.61
1.63
1.60
1.52
1.44
1.58
1.49
1.45
1.50
1.46
1.52
1.43
1.48
1.55
1.50
1.57
1.60
1.66
1.67
1.70
1.71
1.71
1.81
1.74
1.85
1.84
1.66
1.70
1.78
1.75
1.82
1.96
2.14
2.06
1.99
2.19
1.97
1.95
1.90
1.77
1.93
2.00
1.93
1.99
2.01
1.95
1.95
2.22
2.18
2.13
2.16
2.05
2.07
2.14
2.18
2.13
2.18
2.22
1.98
2.14
2.31
2.21
2.29
2.06
2.20
2.02
2.08
1.89
1.99
1.83
1.90
2.09
1.84
1.78
1.80
1.82
1.78
1.79
1.65
1.81
1.79
1.86
1.78
1.78
1.69
1.92
2.05
1.83
2.00
1.93
1.92
1.95
1.90
1.87
1.84
1.91
1.75
1.96
1.92
1.74
1.78
2.02
2.04
2.01
1.98
1.93
2.02
1.99
1.95
2.08
1.95
2.01
1.99
1.84
1.86
1.75
1.86
1.73
1.96
1.96
1.65
1.64
1.69
1.81
1.86
1.80
1.87
1.73
1.81
1.88
1.86
1.79
1.81
1.89
1.67
1.69
1.69
1.66
1.72
1.79
1.53
1.48
1.41
1.41
1.51
1.48
1.48
1.52
1.61
1.58
1.72
1.72
1.76
1.74
1.58
1.92
1.73
1.77
1.90
1.76
1.74
1.67
1.48
1.64
1.87
1.82
1.82
1.65
1.69
1.74
1.83
1.84
1.89
2.01
1.97
1.96
1.97
1.95
1.92
1.90
2.04
1.89
1.76
1.91
1.77
1.84
1.78
2.04
2.09
1.96
2.05
2.21
2.31
2.36
2.13
2.20
2.26
2.20
2.31
2.11
2.06
2.22
2.16
2.10
2.09
1.94
1.90
1.83
2.08
1.93
2.04
1.94
1.84
1.97
1.95
1.93
1.73
1.92
2.00
1.93
1.94
1.92
2.01
1.93
1.96
1.84
1.92
1.75
1.64
1.95
1.86
1.85
2.02
2.00
2.03
2.11
2.18
1.90
2.05
1.94
1.99
1.93
1.85
1.98
2.05
1.80
2.05
2.01
1.95
1.91
1.82
1.96
2.09
2.24
2.09
2.02
2.05
2.02
2.10
2.26
2.06
1.91
2.09
1.97
1.91
2.02
2.06
2.04
1.93
1.86
2.05
2.07
1.93
2.01
2.14
2.08
2.11
2.04
2.15
2.04
1.99
2.01
1.91
2.03
1.88
1.99
2.08
1.98
1.98
2.02
1.97
1.91
2.20
2.06
2.02
1.95
1.98
2.10
1.89
2.02
2.10
2.01
2.05
2.15
2.21
2.24
2.07
1.91
2.02
2.06
2.00
2.10
2.02
2.00
1.83
1.90
1.70
1.75
1.79
1.90
1.78
1.77
1.77
1.89
2.11
1.95
1.88
2.07
2.19
1.81
2.06
1.96
2.04
2.10
1.88
1.97
2.09
2.09
1.96
2.14
2.05
2.08
2.15
1.81
1.88
1.88
1.89
1.90
1.90
2.01
1.86
1.89
1.78
1.93
1.85
1.78
2.03
1.85
1.83
1.81
1.87
1.87
1.90
1.89
1.80
1.76
1.93
1.71
1.77
1.62
1.51
1.64
1.64
1.80
1.72
1.61
1.53
1.65
1.54
1.49
1.45
1.44
1.71
1.50
1.49
1.47
1.39
1.23
1.40
1.32
1.33
1.39
1.26
1.28
1.37
1.34
1.38
1.43
1.32
1.43
1.53
1.41
1.58
1.38
1.26
1.30
1.50
1.43
1.27
1.25
1.35
1.27
1.28
1.51
1.36
1.37
1.25
1.41
1.27
1.35
1.35
1.45
1.47
1.65
1.60
1.33
1.50
1.46
1.63
1.45
1.47
1.54
1.45
1.44
1.48
1.56
1.52
1.51
1.47
1.47
1.57
1.49
1.59
1.56
1.59
1.70
1.93
1.71
1.66
1.78
1.75
2.04
1.94
1.73
1.84
1.69
1.72
1.58
1.70
1.52
1.43
1.54
1.41
1.56
1.61
1.65
1.52
1.63
1.49
1.53
1.67
1.53
1.55
1.45
1.55
1.65
1.59
1.41
1.43
1.49
1.40
1.41
1.38
1.51
1.43
1.31
1.36
1.34
1.45
1.24
1.34
1.15
1.14
1.24
1.22
1.24
1.17
1.16
1.23
1.32
1.23
1.22
1.25
1.33
1.23
1.20
1.15
1.11
1.12
1.19
1.16
1.21
1.29
1.33
1.22
1.17
1.27
1.20
1.12
1.34
1.36
1.28
1.38
1.31
1.37
1.39
1.44
1.55
1.55
1.64
1.66
1.64
1.56
1.57
1.38
1.56
1.62
1.60
1.69
1.52
1.50
1.46
1.54
1.39
1.48
1.51
1.32
1.51
1.40
1.53
1.31
1.42
1.44
1.46
1.40
1.41
1.39
1.56
1.55
1.69
1.61
1.59
1.60
1.68
1.64
1.45
1.47
1.49
1.55
1.48
1.41
1.56
1.51
1.47
1.65
1.52
1.48
1.44
1.45
1.45
1.58
1.59
1.50
1.43
1.41
1.38
1.37
1.39
1.45
1.42
1.41
1.44
1.49
1.66
1.61
1.69
1.57
1.63
1.68
1.70
1.79
1.88
1.96
1.97
2.07
2.05
2.04
2.03
1.76
2.02
1.96
1.97
2.03
1.93
1.97
2.03
1.92
1.99
2.10
2.05
2.13
2.16
2.03
2.13
2.09
2.22
2.04
2.07
2.37
2.22
2.14
2.24
2.31
2.29
2.50
2.52
2.56
2.45
2.54
2.68
2.77
2.71
2.55
2.37
2.53
2.57
2.38
2.55
2.59
2.59
2.52
2.33
2.47
2.34
2.27
2.34
2.24
2.05
2.03
2.16
2.10
2.28
2.15
2.10
2.08
1.99
2.02
1.98
2.01
1.83
2.07
1.80
1.82
1.82
1.84
1.69
1.63
1.66
1.70
1.70
1.67
1.58
1.57
1.78
1.63
1.49
1.76
2.02
1.81
1.86
1.86
1.78
1.74
1.58
1.60
1.49
1.39
1.57
1.54
1.51
1.51
1.68
1.63
1.43
1.58
1.34
1.46
1.33
1.28
1.48
1.49
1.49
1.63
1.60
1.57
1.57
1.42
1.55
1.71
1.88
1.70
1.63
1.52
1.45
1.56
1.56
1.70
1.43
1.52
1.54
1.37
1.40
1.34
1.46
1.57
1.68
1.60
1.64
1.46
1.58
1.55
1.47
1.59
1.38
1.22
1.12
1.13
1.30
1.03
0.89
1.07
1.00
0.91
1.02
1.08
1.11
1.05
1.11
1.09
1.16
0.90
1.07
0.93
0.94
1.02
1.07
1.00
1.01
1.03
1.08
1.15
0.98
0.98
1.04
1.04
0.96
1.14
1.02
0.87
1.00
1.01
1.06
0.98
0.96
1.07
1.06
1.07
0.97
1.13
1.06
1.18
1.11
1.21
1.10
1.38
1.22
1.22
1.25
1.26
1.33
1.30
1.28
1.31
1.39
1.31
1.25
1.30
1.32
1.32
1.19
1.41
1.30
1.41
1.31
1.44
1.58
1.34
1.51
1.55
1.46
1.72
1.71
1.76
1.56
1.65
1.50
1.63
1.53
1.65
1.47
1.64
1.71
1.84
1.76
1.77
1.71
1.75
1.80
1.71
1.84
1.86
1.79
1.95
1.92
1.98
1.88
1.80
1.80
1.65
1.69
1.66
1.55
1.74
1.36
1.38
1.56
1.43
1.58
1.64
1.52
1.50
1.44
1.49
1.63
1.46
1.46
1.46
1.44
1.50
1.53
1.47
1.57
1.48
1.40
1.44
1.47
1.37
1.38
1.32
1.26
1.26
1.31
1.37
1.48
1.50
1.42
1.41
1.26
1.49
1.44
1.50
1.36
1.39
1.42
1.33
1.52
1.63
1.54
1.60
1.68
1.60
1.53
1.59
1.60
1.46
1.53
1.77
1.66
1.69
1.61
1.59
1.54
1.49
1.54
1.74
1.47
1.70
1.80
1.56
1.73
1.72
1.71
1.62
1.58
1.51
1.55
1.56
1.66
1.77
1.79
1.67
1.77
1.79
1.55
1.59
1.59
1.70
1.43
1.60
1.50
1.53
1.57
1.55
1.55
1.53
1.56
1.46
1.67
1.60
1.39
1.49
1.45
1.51
1.32
1.52
1.39
1.34
1.40
1.46
1.49
1.44
1.43
1.41
1.35
1.49
1.42
1.43
1.57
1.45
1.49
1.46
1.37
1.39
1.59
1.67
1.71
1.43
1.49
1.60
1.69
1.49
1.50
1.59
1.44
1.44
1.46
1.43
1.43
1.51
1.46
1.62
1.51
1.58
1.62
1.49
1.47
1.64
1.49
1.44
1.62
1.57
1.62
1.48
1.59
1.60
1.66
1.59
1.64
1.69
1.71
1.75
1.59
1.56
1.57
1.61
1.65
1.63
1.56
1.53
1.47
1.48
1.38
1.52
1.45
1.47
1.67
1.48
1.63
1.73
1.66
1.76
1.58
1.63
1.70
1.52
1.52
1.50
1.38
1.62
1.63
1.53
1.52
1.41
1.61
1.57
1.88
1.54
1.71
1.53
1.72
1.67
1.61
1.65
1.62
1.73
1.78
1.67
1.52
1.60
1.66
1.50
1.88
1.82
1.61
1.49
1.70
1.65
1.65
1.47
1.37
1.41
1.43
1.45
1.47
1.53
1.36
1.35
1.32
1.48
1.39
1.61
1.62
1.69
1.61
1.71
1.72
1.78
1.75
1.42
1.57
1.49
1.56
1.36
1.41
1.46
1.33
1.44
1.27
1.34
1.40
1.18
1.26
1.32
1.31
1.29
1.05
1.23
1.34
1.39
1.31
1.34
1.18
1.20
1.30
1.52
1.51
1.44
1.44
1.56
1.53
1.35
1.48
1.36
1.60
1.37
1.41
1.47
1.36
1.26
1.45
1.37
1.45
1.38
1.47
1.27
1.46
1.17
1.26
1.49
1.49
1.43
1.46
1.14
1.29
1.39
1.46
1.37
1.39
1.60
1.44
1.45
1.43
1.48
1.46
1.51
1.53
1.55
1.63
1.55
1.53
1.76
1.80
1.67
1.67
1.74
1.75
1.75
1.62
1.41
1.46
1.55
1.70
1.59
1.48
1.65
1.77
1.61
1.63
1.53
1.52
1.72
1.86
1.71
1.74
1.74
1.70
1.64
1.66
1.79
1.62
1.70
1.57
1.77
1.70
1.78
1.72
1.66
1.60
1.50
1.35
1.33
1.34
1.35
1.32
1.26
1.46
1.43
1.31
1.22
1.26
1.20
1.16
1.12
1.23
1.29
1.32
1.20
1.28
1.21
1.23
1.21
1.17
1.13
1.14
1.26
1.30
1.28
1.13
1.42
1.43
1.29
1.46
1.36
1.37
1.51
1.46
1.40
1.35
1.35
1.40
1.45
1.34
1.39
1.43
1.50
1.35
1.43
1.21
1.34
1.36
1.31
1.25
1.35
1.30
1.43
1.38
1.40
1.34
1.31
1.23
1.29
1.39
1.40
1.19
1.26
1.44
1.47
1.44
1.56
1.53
1.33
1.51
1.52
1.27
1.24
1.24
1.49
1.34
1.36
1.34
1.20
1.38
1.39
1.54
1.53
1.45
1.42
1.47
1.78
1.71
1.82
1.88
2.04
2.06
2.10
2.23
2.32
2.18
2.00
2.01
2.03
1.89
1.86
1.67
1.62
1.68
1.58
1.62
1.43
1.65
1.79
1.61
1.43
1.49
1.55
1.50
1.71
1.68
1.52
1.60
1.57
1.54
1.52
1.57
1.54
1.48
1.51
1.47
1.47
1.59
1.55
1.63
1.67
1.65
1.60
1.56
1.55
1.56
1.60
1.55
1.64
1.68
1.76
1.76
1.76
1.71
1.67
1.74
1.98
1.78
1.90
1.63
1.73
1.60
1.61
1.72
1.69
1.63
1.56
1.72
1.77
1.68
1.73
1.82
1.73
1.80
1.91
1.86
1.81
1.81
1.81
2.04
1.92
1.82
1.86
1.95
1.94
1.98
1.97
1.93
1.85
1.80
1.83
1.82
1.91
1.85
1.84
1.91
1.92
1.73
1.62
1.68
1.68
1.57
1.58
1.69
1.69
1.75
1.74
1.61
1.45
1.66
1.48
1.53
1.59
1.41
1.64
1.60
1.54
1.50
1.57
1.56
1.60
1.51
1.62
1.74
1.68
1.60
1.62
1.75
1.71
1.71
1.84
1.84
1.70
1.75
1.69
1.58
1.62
1.50
1.47
1.45
1.47
1.58
1.76
1.58
1.61
1.62
1.63
1.78
1.89
1.78
1.75
1.84
1.98
1.95
1.89
1.86
1.75
1.57
1.54
1.68
1.64
1.70
1.90
1.77
1.45
1.54
1.45
1.44
1.49
1.66
1.86
1.74
1.63
1.70
1.76
1.76
1.55
1.64
1.59
1.64
1.43
1.76
1.46
1.45
1.49
1.49
1.35
1.51
1.38
1.42
1.47
1.47
1.57
1.58
1.41
1.53
1.39
1.37
1.44
1.30
1.38
1.48
1.48
1.56
1.65
1.58
1.35
1.47
1.54
1.53
1.41
1.42
1.60
1.54
1.37
1.53
1.61
1.65
1.71
1.57
1.50
1.54
1.57
1.49
1.56
1.64
1.54
1.65
1.76
1.84
1.77
1.57
1.73
1.61
1.59
1.61
1.46
1.38
1.57
1.41
1.40
1.38
1.65
1.57
1.64
1.63
1.74
1.68
1.64
1.69
1.81
1.83
1.74
1.59
1.74
1.68
1.69
1.67
1.85
1.87
1.86
1.93
1.82
1.92
1.86
1.85
1.87
1.58
1.72
1.62
1.59
1.63
1.57
1.61
1.62
1.72
1.60
1.55
1.63
1.44
1.65
1.54
1.71
1.71
1.57
1.60
1.58
1.73
1.72
1.70
1.80
1.75
1.69
1.60
1.67
1.64
1.65
1.71
1.64
1.62
1.50
1.65
1.62
1.61
1.74
1.74
1.63
1.68
1.78
1.55
1.53
1.75
1.66
1.45
1.60
1.58
1.48
1.45
1.37
1.57
1.42
1.51
1.67
1.59
1.55
1.67
1.69
1.77
1.98
1.91
1.74
1.78
1.75
1.71
1.62
1.45
1.47
1.36
1.62
1.42
1.48
1.51
1.43
1.52
1.61
1.49
1.38
1.54
1.54
1.60
1.63
1.65
1.76
1.83
1.86
1.73
1.73
1.65
1.63
1.71
1.73
1.69
1.69
1.58
1.80
1.76
1.83
1.85
1.78
1.67
1.69
1.68
1.60
1.70
1.60
1.65
1.56
1.69
1.57
1.62
1.62
1.66
1.67
1.68
1.67
1.72
1.82
1.77
1.69
1.79
1.83
1.75
1.77
1.68
1.79
1.71
1.61
1.57
1.76
1.78
1.95
1.90
1.96
1.96
1.88
1.69
1.75
1.81
1.84
1.68
1.80
1.76
1.72
1.67
1.64
1.59
1.76
1.59
1.64
1.88
1.66
1.61
1.53
1.71
1.53
1.61
1.54
1.68
1.67
1.62
1.63
1.66
1.87
1.80
1.80
1.78
1.96
1.87
1.88
1.68
1.70
1.83
1.67
1.60
1.68
1.53
1.54
1.53
1.45
1.52
1.57
1.60
1.64
1.50
1.57
1.66
1.58
1.50
1.49
1.45
1.54
1.41
1.49
1.44
1.51
1.67
1.63
1.63
1.77
1.82
1.71
1.58
1.60
1.63
1.57
1.59
1.63
1.82
1.75
1.72
1.83
1.65
1.69
1.66
1.60
1.63
1.54
1.66
1.54
1.68
1.49
1.39
1.40
1.41
1.39
1.48
1.65
1.78
1.38
1.59
1.54
1.51
1.64
1.59
1.76
1.83
1.81
1.85
1.89
1.81
1.83
1.83
1.77
1.95
1.95
1.97
2.02
1.80
1.68
1.80
1.86
1.70
1.82
1.84
1.82
1.76
1.69
1.62
1.43
1.59
1.68
1.70
1.67
1.79
1.86
1.77
1.85
1.81
1.88
1.96
1.81
2.03
2.11
2.07
2.15
2.13
2.06
2.09
2.02
1.97
1.88
1.88
1.75
1.75
1.74
1.62
1.64
1.59
1.71
1.78
1.86
1.88
1.68
1.85
1.92
1.97
2.03
1.99
1.80
1.86
1.86
1.99
1.72
1.84
1.97
1.85
1.88
1.82
1.60
1.73
1.79
1.87
1.75
1.97
1.81
1.86
1.75
1.78
1.64
1.68
1.60
1.62
1.52
1.62
1.45
1.42
1.69
1.68
1.54
1.60
1.55
1.59
1.65
1.57
1.59
1.80
1.70
1.87
1.69
1.68
1.81
1.69
1.75
1.56
1.60
1.61
1.73
1.75
1.60
1.59
1.57
1.47
1.52
1.63
1.63
1.63
1.84
1.82
1.72
1.91
1.85
1.84
1.75
1.86
1.86
1.79
1.73
1.98
1.78
1.66
1.51
1.51
1.53
1.61
1.47
1.53
1.61
1.64
1.72
1.89
1.86
1.83
1.77
2.01
2.07
1.98
1.76
1.80
1.90
1.95
1.98
2.07
2.01
1.77
1.87
1.92
2.03
1.96
2.03
1.98
2.01
1.92
2.00
2.26
2.09
2.05
2.20
1.99
2.11
2.07
2.10
2.19
2.16
2.24
2.09
2.14
2.06
2.07
1.99
2.09
2.08
2.13
2.09
2.18
2.10
2.08
2.03
2.21
2.21
2.14
2.18
2.26
2.20
2.17
2.25
2.16
1.97
2.04
2.16
2.10
2.20
2.29
2.31
2.20
2.23
2.17
2.26
2.21
2.08
2.15
2.20
2.15
2.21
2.31
2.21
2.28
2.24
2.24
2.43
2.46
2.27
2.35
2.35
2.29
2.06
2.22
2.12
2.10
2.11
2.02
1.97
1.99
1.98
1.96
2.14
2.21
2.09
1.99
2.05
2.17
1.98
2.04
1.99
2.00
2.09
1.92
1.98
1.91
1.87
1.81
1.97
1.95
2.03
1.98
2.09
1.93
1.90
1.93
1.94
1.91
1.99
2.04
1.70
1.78
1.82
1.86
1.96
1.92
1.95
1.98
1.82
1.92
1.83
2.01
2.02
1.84
1.86
2.04
1.90
1.75
1.81
1.64
1.82
1.83
1.90
1.86
1.80
1.83
1.90
1.86
1.72
1.85
1.89
1.78
1.78
1.91
1.87
1.72
1.78
1.71
1.79
1.90
1.68
1.73
1.62
1.76
1.79
1.72
1.54
1.74
1.71
1.71
1.69
1.69
1.61
1.74
1.48
1.72
1.75
1.85
1.71
1.64
1.74
1.69
1.73
1.75
1.59
1.73
1.60
1.73
1.68
1.57
1.54
1.45
1.60
1.56
1.54
1.73
1.68
1.80
1.76
1.70
1.63
1.57
1.56
1.77
1.61
1.66
1.59
1.63
1.67
1.68
1.62
1.64
1.63
1.52
1.71
1.86
1.86
1.83
1.71
1.80
1.74
1.80
1.73
1.95
1.77
1.90
1.86
1.73
1.78
1.80
1.69
1.78
1.64
1.84
1.84
1.88
1.84
1.69
1.75
1.80
1.74
1.88
2.06
1.90
1.90
1.86
1.77
1.87
1.93
1.96
1.85
1.78
1.90
1.84
1.80
1.87
1.84
1.74
1.77
1.99
1.86
1.91
1.87
1.98
1.84
1.72
1.80
1.61
1.73
1.70
1.66
1.65
1.50
1.63
1.47
1.40
1.33
1.42
1.53
1.39
1.39
1.49
1.55
1.56
1.54
1.58
1.56
1.64
1.41
1.42
1.48
1.44
1.47
1.63
1.47
1.47
1.51
1.44
1.41
1.38
1.56
1.47
1.48
1.62
1.47
1.64
1.58
1.46
1.59
1.52
1.47
1.23
1.28
1.31
1.29
1.44
1.36
1.48
1.45
1.47
1.39
1.42
1.43
1.37
1.38
1.64
1.57
1.58
1.79
1.78
1.76
1.87
1.82
1.78
2.05
1.98
1.84
2.01
1.86
1.98
1.68
1.56
1.79
1.69
1.77
1.54
1.62
1.57
1.50
1.64
1.59
1.41
1.52
1.43
1.44
1.54
1.47
1.51
1.53
1.56
1.37
1.41
1.46
1.41
1.48
1.46
1.44
1.30
1.40
1.28
1.32
1.33
1.38
1.32
1.32
1.35
1.35
1.23
1.24
1.33
1.32
1.44
1.33
1.42
1.37
1.27
1.19
1.05
1.14
1.13
1.10
1.15
1.09
1.17
1.16
1.14
1.09
1.02
1.19
1.10
1.25
1.17
1.13
1.20
1.17
1.15
1.17
1.12
1.15
1.16
1.06
1.22
1.17
1.11
1.06
1.11
1.20
1.33
1.27
1.21
1.17
1.16
1.21
1.28
1.16
1.19
1.07
1.31
1.27
1.23
1.22
1.25
1.27
1.17
1.13
1.14
1.32
1.09
1.15
1.31
1.06
1.17
1.17
1.05
1.14
1.18
1.04
1.19
1.09
1.13
1.16
1.19
1.14
1.08
1.18
1.15
1.02
1.15
1.19
1.26
0.99
1.05
1.15
1.14
1.14
1.20
1.29
1.30
1.13
1.19
1.17
1.34
1.34
1.32
1.45
1.22
1.41
1.23
1.25
1.23
1.39
1.38
1.38
1.52
1.45
1.43
1.56
1.52
1.29
1.27
1.51
1.25
1.32
1.29
1.31
1.28
1.28
1.48
1.34
1.33
1.41
1.43
1.54
1.38
1.45
1.51
1.34
1.33
1.31
1.37
1.49
1.43
1.56
1.33
1.42
1.45
1.49
1.41
1.41
1.39
1.35
1.34
1.39
1.47
1.48
1.48
1.31
1.32
1.29
1.23
1.16
1.26
1.16
1.19
1.22
1.29
1.19
1.42
1.44
1.19
1.22
1.10
1.08
1.12
1.14
1.32
1.17
1.15
1.14
1.10
1.04
1.10
1.08
1.15
1.15
1.08
1.25
1.22
1.19
0.99
1.14
1.10
1.10
1.17
1.10
1.16
1.13
1.15
1.13
1.13
1.15
1.26
1.16
1.33
1.19
1.21
1.07
1.10
1.13
1.13
1.17
1.03
1.12
1.08
1.18
1.14
1.10
1.09
1.09
1.17
1.01
0.97
0.99
1.08
1.18
1.28
1.25
1.24
1.24
1.24
1.25
1.16
1.27
1.21
1.19
1.19
1.27
1.26
1.29
1.21
1.33
1.35
1.25
1.19
1.30
1.27
1.30
1.24
1.31
1.38
1.32
1.33
1.35
1.28
1.60
1.54
1.50
1.37
1.38
1.38
1.40
1.33
1.50
1.44
1.45
1.37
1.41
1.19
1.26
1.19
1.14
1.07
1.12
1.08
1.26
1.18
1.17
1.29
1.09
1.27
1.30
1.46
1.27
1.20
1.20
1.31
1.27
1.35
1.26
1.17
1.16
1.10
1.23
1.22
1.20
1.32
1.39
1.22
1.17
1.12
1.35
1.25
1.35
1.20
1.26
1.21
1.29
1.40
1.42
1.30
1.43
1.20
1.29
1.27
1.40
1.46
1.38
1.29
1.38
1.42
1.23
1.37
1.38
1.37
1.28
1.51
1.53
1.55
1.46
1.55
1.58
1.42
1.52
1.40
1.36
1.35
1.37
1.30
1.34
1.21
1.14
1.38
1.19
1.32
1.24
1.27
1.25
1.25
1.37
1.26
1.35
1.22
1.26
1.27
1.26
1.25
1.38
1.37
1.38
1.30
1.34
1.24
1.38
1.31
1.19
1.32
1.14
1.41
1.35
1.28
1.29
1.34
1.28
1.16
1.23
1.10
1.08
1.13
1.13
1.11
1.17
1.08
1.15
1.09
1.24
1.11
1.20
1.20
1.21
1.22
1.12
1.24
1.26
1.34
1.36
1.39
1.27
1.10
1.20
1.21
1.22
1.24
1.23
1.10
1.19
1.14
1.21
1.34
1.19
1.25
1.16
1.08
1.09
1.13
1.16
1.21
1.18
1.19
1.14
1.37
1.23
1.12
1.28
1.30
1.46
1.39
1.24
1.25
1.18
1.35
1.36
1.37
1.52
1.42
1.39
1.22
1.31
1.25
1.24
1.25
1.15
1.30
1.32
1.31
1.34
1.17
1.20
1.29
1.29
1.32
1.37
1.50
1.47
1.57
1.37
1.42
1.20
1.18
1.22
1.31
1.46
1.40
1.34
1.37
1.26
1.28
1.14
1.33
1.45
1.40
1.55
1.45
1.46
1.34
1.29
1.35
1.52
1.37
1.43
1.37
1.30
1.24
1.27
1.42
1.28
1.34
1.26
1.25
1.23
1.24
1.11
1.39
1.23
1.28
1.37
1.37
1.43
1.29
1.31
1.32
1.28
1.37
1.29
1.35
1.34
1.33
1.35
1.41
1.41
1.44
1.45
1.43
1.49
1.48
1.44
1.42
1.44
1.42
1.46
1.36
1.34
1.48
1.38
1.46
1.41
1.39
1.51
1.38
1.30
1.28
1.30
1.23
1.32
1.28
1.19
1.23
1.39
1.35
1.44
1.28
1.34
1.37
1.32
1.36
1.30
1.30
1.31
1.45
1.35
1.37
1.27
1.29
1.30
1.38
1.25
1.30
1.23
1.27
1.37
1.25
1.30
1.27
1.36
1.14
1.25
1.38
1.29
1.30
1.14
1.24
1.21
1.28
1.32
1.22
1.20
1.24
1.22
1.42
1.20
1.14
1.26
1.20
1.29
1.17
1.19
1.15
1.24
1.47
1.25
1.43
1.36
1.33
1.39
1.35
1.29
1.42
1.39
1.33
1.19
1.36
1.28
1.32
1.24
1.21
1.16
1.10
1.14
1.27
1.23
1.21
1.10
1.12
1.13
1.00
1.19
1.11
1.13
1.27
1.14
1.11
1.16
1.28
1.30
1.24
1.30
1.27
1.46
1.36
1.45
1.28
1.41
1.28
1.23
1.26
1.25
1.26
1.35
1.40
1.31
1.19
1.09
1.21
1.23
1.30
1.23
1.27
1.35
1.28
1.30
1.34
1.29
1.21
1.24
1.33
1.26
1.32
1.34
1.33
1.39
1.27
1.16
1.35
1.35
1.22
1.18
1.03
1.18
1.18
1.06
0.99
1.04
1.13
1.25
1.03
1.24
1.03
1.20
1.02
1.05
0.95
0.98
1.18
1.23
1.27
1.19
1.20
1.29
1.30
1.27
1.24
1.23
1.39
1.44
1.32
1.43
1.46
1.37
1.27
1.41
1.37
1.17
1.23
1.19
1.11
1.18
1.06
1.06
1.12
1.22
1.35
1.15
1.10
1.18
1.10
1.12
1.07
1.02
1.06
1.05
1.05
1.10
1.17
0.96
1.09
1.05
1.19
0.90
0.89
1.14
0.99
1.04
0.99
0.95
1.09
1.23
1.13
1.25
1.26
1.12
1.21
1.27
1.05
1.13
1.08
1.13
1.31
1.17
1.08
1.19
1.23
1.21
1.29
1.30
1.17
1.12
1.34
1.36
1.43
1.21
1.24
1.29
1.31
1.03
1.31
1.43
1.23
1.20
1.37
1.26
1.21
1.21
1.19
1.38
1.24
1.26
1.17
1.13
1.23
1.08
1.14
1.14
1.37
1.24
1.36
1.25
1.10
1.10
1.21
1.17
1.09
1.24
1.26
1.20
1.22
1.26
1.11
1.25
1.22
1.32
1.44
1.43
1.39
1.26
1.39
1.37
1.37
1.37
1.33
1.47
1.33
1.43
1.43
1.38
1.48
1.53
1.29
1.21
1.27
1.19
1.14
1.15
1.27
1.35
1.27
1.17
1.20
1.08
1.21
1.21
1.33
1.19
1.12
1.30
1.08
1.16
1.21
1.16
1.14
1.11
1.08
1.04
1.19
1.00
1.15
1.17
1.16
1.03
1.17
1.06
1.11
1.12
1.15
1.05
1.04
0.91
1.02
1.08
1.22
1.19
1.27
1.22
1.24
1.39
1.30
1.28
1.30
1.20
1.33
1.35
1.20
1.11
1.25
1.34
1.36
1.19
1.49
1.38
1.37
1.33
1.35
1.28
1.24
1.33
1.37
1.39
1.41
1.32
1.29
1.24
1.28
1.34
1.42
1.30
1.31
1.32
1.22
1.23
1.28
1.18
1.27
1.10
1.08
1.27
1.18
1.16
1.28
1.23
1.14
1.20
1.29
1.44
1.37
1.30
1.30
1.19
1.23
1.32
1.26
1.14
1.13
1.21
1.29
1.24
1.15
1.02
1.09
1.14
1.17
1.24
1.22
1.31
1.36
1.25
1.32
1.20
1.21
1.17
1.40
1.30
1.25
1.32
1.20
1.30
1.25
1.34
1.46
1.30
1.40
1.29
1.27
1.20
1.21
1.18
1.10
1.30
1.24
1.16
1.19
1.26
1.17
1.27
1.16
1.33
1.36
1.29
1.18
1.14
1.15
1.22
1.25
1.14
1.22
1.20
1.26
1.12
1.25
1.25
1.23
1.26
1.26
1.44
1.29
1.22
1.28
1.24
1.37
1.19
1.24
1.17
1.30
1.33
1.26
1.18
1.29
1.20
1.35
1.18
1.38
1.19
1.29
1.17
1.21
1.33
1.31
1.29
1.33
1.29
1.25
1.01
1.12
1.09
1.04
1.03
0.97
1.16
1.24
1.06
1.04
1.11
1.16
1.22
1.07
1.09
1.18
1.16
1.17
1.08
1.11
1.08
1.15
1.09
1.22
1.12
0.88
1.03
1.10
1.08
1.20
1.07
1.17
1.14
1.07
1.27
1.19
1.01
1.06
1.07
1.06
1.10
1.02
1.25
1.08
1.13
1.07
1.07
1.02
1.02
1.03
1.04
1.16
1.10
1.23
1.23
1.18
1.17
1.14
1.04
1.04
1.06
1.05
1.08
1.15
1.09
1.04
1.04
1.06
1.24
1.29
1.30
1.27
1.45
1.38
1.23
1.23
1.14
1.17
1.08
1.10
1.14
1.23
1.14
1.11
1.14
1.11
1.07
0.94
1.00
0.98
0.97
1.11
1.04
1.19
0.98
0.92
1.00
0.90
0.97
1.07
0.95
1.08
1.05
1.07
0.92
0.97
0.95
0.93
0.98
0.97
1.03
0.99
0.98
0.98
0.87
0.98
0.99
1.07
1.09
0.93
0.96
1.02
1.00
1.13
1.10
1.12
1.25
1.06
1.20
1.17
1.12
1.05
1.03
1.06
1.24
1.16
1.19
1.23
1.15
1.40
1.18
1.04
1.18
1.19
1.11
1.23
1.05
1.10
1.17
1.24
1.20
1.13
1.15
1.22
0.96
0.97
1.19
1.11
1.13
1.14
1.23
1.25
1.18
1.28
1.15
1.19
1.14
1.16
1.24
1.01
1.10
1.19
1.23
1.25
1.14
1.19
1.24
1.24
1.30
1.43
1.23
1.29
1.43
1.38
1.23
1.21
1.19
1.16
1.27
1.13
1.05
1.19
1.17
1.11
1.04
1.14
1.11
1.10
1.16
1.03
1.06
1.15
1.31
1.29
1.25
1.27
1.39
1.44
1.49
1.46
1.49
1.62
1.58
1.38
1.24
1.14
1.27
1.35
1.39
1.47
1.49
1.49
1.47
1.55
1.39
1.29
1.41
1.49
1.48
1.49
1.51
1.55
1.56
1.54
1.49
1.54
1.52
1.36
1.39
1.32
1.39
1.35
1.38
1.45
1.44
1.30
1.36
1.40
1.57
1.48
1.49
1.42
1.55
1.54
1.50
1.60
1.56
1.61
1.55
1.43
1.47
1.46
1.30
1.26
1.34
1.59
1.32
1.38
1.39
1.40
1.36
1.32
1.33
1.34
1.43
1.40
1.22
1.24
1.37
1.17
1.34
1.25
1.32
1.15
1.11
1.03
1.20
1.20
1.31
1.19
1.05
1.09
1.03
1.05
1.02
1.18
1.16
1.17
1.05
1.10
1.15
1.15
1.51
1.25
1.33
1.21
1.29
1.28
1.18
1.30
1.14
1.22
1.19
1.27
1.32
1.30
1.22
1.25
1.25
1.21
0.98
1.04
1.21
1.14
1.14
1.23
1.17
1.19
1.27
1.21
1.13
1.11
1.00
1.09
1.10
1.08
1.07
1.06
0.92
0.94
1.09
1.08
0.96
1.14
1.17
1.26
1.19
1.29
1.24
1.31
1.18
1.28
1.20
1.15
1.12
1.23
1.21
1.18
1.13
1.11
1.18
1.08
1.10
1.13
1.16
1.02
1.19
1.16
1.16
1.27
1.21
1.19
1.10
1.12
1.18
1.13
1.10
1.18
1.16
1.21
1.25
1.26
1.19
1.25
1.17
1.26
1.19
1.27
1.29
1.22
1.28
1.20
1.28
1.28
1.28
1.27
1.30
1.16
1.22
1.24
1.19
1.24
1.23
1.25
1.25
1.27
1.25
1.15
1.15
1.25
1.11
1.22
1.11
1.14
1.25
1.11
1.05
1.09
1.15
1.29
1.22
1.35
1.28
1.24
1.28
1.17
1.20
1.15
1.17
1.16
1.22
1.15
1.10
1.17
1.21
1.13
1.25
1.14
1.11
1.13
1.03
1.01
1.02
1.11
0.96
1.10
1.27
1.34
1.04
1.21
1.07
1.09
1.12
1.19
1.21
1.09
1.16
1.14
1.08
1.16
1.17
1.22
1.23
1.14
1.21
1.25
1.17
1.25
1.23
1.22
1.19
1.29
1.25
1.25
1.21
1.01
1.20
1.14
1.11
1.09
1.17
1.19
1.16
1.19
1.19
1.21
1.23
1.33
1.16
1.15
1.26
1.21
1.09
1.06
1.19
1.12
1.08
1.16
1.13
1.07
1.12
1.09
1.20
1.11
1.16
1.23
1.08
1.12
1.05
1.12
1.19
1.13
1.13
1.17
1.27
1.12
1.06
1.25
1.21
1.08
1.02
1.01
1.12
1.12
1.16
1.00
1.14
1.13
1.21
1.13
1.05
1.08
1.13
1.17
1.31
1.31
1.26
1.16
1.32
1.25
1.20
1.12
1.14
1.28
1.11
1.14
1.08
1.26
1.17
1.25
1.25
1.13
1.25
1.15
0.99
1.12
1.07
1.11
0.99
1.03
1.13
1.07
1.01
1.05
1.18
1.13
1.03
1.08
1.03
1.18
1.12
1.24
1.07
1.15
1.07
1.16
1.11
1.12
1.25
1.33
1.31
1.38
1.25
1.20
1.30
1.27
1.19
1.11
1.15
1.21
1.11
1.10
1.24
1.15
1.07
1.24
1.20
1.17
1.30
1.08
1.26
1.30
1.17
1.21
1.19
1.28
1.22
1.31
1.08
1.18
1.12
1.18
1.26
1.23
1.23
1.30
1.25
1.25
1.27
1.33
1.42
1.34
1.23
1.44
1.33
1.32
1.21
1.38
1.30
1.18
1.26
1.09
1.19
1.22
1.16
1.10
1.14
1.29
1.07
1.21
1.24
1.28
1.36
1.31
1.37
1.34
1.24
1.19
1.07
1.24
1.15
1.05
1.14
1.14
1.05
1.23
1.11
1.13
1.14
1.11
1.25
1.31
1.26
1.17
1.07
1.30
1.07
1.11
1.03
1.06
1.05
1.09
1.09
1.19
1.10
1.16
1.27
1.20
1.18
1.13
1.06
1.15
1.15
1.12
1.01
1.14
1.30
1.48
1.21
1.20
1.09
1.15
1.11
1.17
1.28
1.13
1.24
1.16
1.18
1.27
1.23
1.21
1.16
1.32
1.15
1.11
1.13
1.13
1.24
1.25
1.23
1.10
1.23
1.06
1.12
1.18
1.06
1.00
1.19
1.14
1.07
1.11
1.08
1.08
1.12
1.25
1.20
1.16
1.10
1.06
1.11
1.14
1.11
0.96
1.00
1.07
0.92
0.97
0.93
1.05
0.85
0.86
0.98
1.07
0.90
0.98
1.04
1.08
1.09
1.21
1.11
1.07
1.13
1.11
1.24
1.08
1.00
1.24
1.16
1.11
1.03
1.12
1.18
1.08
0.97
1.02
1.09
1.03
1.07
1.02
1.06
1.08
1.10
1.09
1.10
1.26
1.09
1.07
1.21
1.20
1.07
1.17
1.31
1.20
1.13
1.16
1.18
1.06
1.10
1.15
1.17
1.15
1.26
1.14
1.09
1.15
1.25
1.25
1.37
1.33
1.29
1.33
1.32
1.32
1.25
1.18
1.25
1.15
1.35
1.17
1.11
1.11
1.20
1.09
1.08
1.05
1.13
1.04
1.17
1.15
1.23
1.15
1.31
1.11
1.12
1.05
1.10
1.12
1.17
1.16
1.29
1.29
1.20
1.22
1.11
1.25
1.23
1.20
1.21
1.05
1.22
1.07
1.06
1.23
1.23
1.19
1.12
1.20
1.24
1.24
1.23
1.18
1.13
1.20
1.33
1.21
1.27
1.16
1.25
1.21
1.22
1.23
1.18
1.24
1.19
1.17
1.31
1.25
1.27
1.33
1.34
1.29
1.39
1.41
1.31
1.36
1.23
1.23
1.25
1.32
1.39
1.31
1.40
1.36
1.41
1.53
1.35
1.27
1.25
1.32
1.41
1.28
1.26
1.13
1.11
1.13
1.19
1.21
1.21
1.08
1.27
1.19
1.25
1.10
1.18
1.19
1.18
1.17
1.12
1.19
1.04
1.11
1.18
1.14
1.25
1.18
1.25
1.11
1.06
1.16
1.16
1.13
1.23
1.38
1.29
1.26
1.22
1.27
1.41
1.48
1.23
1.26
1.30
1.29
1.23
1.27
1.15
1.40
1.25
1.29
1.37
1.24
1.15
1.12
1.18
1.17
1.22
1.23
1.09
1.13
1.06
1.14
1.09
1.16
1.08
1.28
1.06
1.30
1.16
1.12
1.16
1.11
1.03
1.01
1.16
1.12
1.12
1.22
1.16
1.19
1.31
1.13
1.24
1.24
1.19
1.25
1.23
1.31
1.24
1.33
1.34
1.50
1.34
1.44
1.30
1.15
1.37
1.15
1.21
1.39
1.15
1.23
1.12
1.12
0.99
1.08
1.09
0.95
0.97
0.96
1.03
1.13
1.06
1.15
1.21
1.21
1.11
1.09
1.27
1.31
1.17
1.29
1.17
1.23
1.18
1.20
1.13
1.27
1.34
1.35
1.12
1.20
1.15
1.11
1.23
1.27
1.25
1.18
1.12
1.20
1.24
1.25
1.33
1.26
1.26
1.20
1.33
1.27
1.43
1.44
1.35
1.44
1.26
1.23
1.19
1.35
1.13
1.13
1.28
1.19
1.09
1.07
1.15
1.22
1.18
1.23
1.20
1.14
1.13
1.24
1.21
1.17
1.07
1.02
1.25
1.10
1.20
1.31
1.25
1.24
1.35
1.34
1.25
1.35
1.31
1.28
1.46
1.25
1.26
1.23
1.48
1.34
1.16
1.21
1.08
1.27
1.19
1.08
1.05
1.21
1.28
1.12
1.10
0.99
1.13
1.08
1.22
1.19
1.28
1.11
1.11
1.16
1.08
1.14
0.95
1.13
1.27
1.21
1.28
1.42
1.64
1.54
1.40
1.38
1.43
1.56
1.58
1.42
1.37
1.55
1.45
1.45
1.40
1.39
1.18
1.63
1.49
1.48
1.40
1.60
1.48
1.55
1.42
1.62
1.43
1.40
1.36
1.32
1.31
1.28
1.35
1.18
1.20
1.25
1.20
1.33
1.43
1.37
1.34
1.39
1.24
1.35
1.29
1.34
1.24
1.30
1.32
1.42
1.40
1.48
1.48
1.28
1.36
1.30
1.11
1.08
1.23
1.16
1.14
1.23
1.38
1.23
1.23
1.42
1.23
1.11
1.31
1.40
1.11
1.07
1.19
1.08
1.26
1.10
1.22
1.27
1.27
1.13
1.17
1.17
1.03
0.93
0.98
1.02
0.99
0.96
1.02
0.96
1.01
0.99
0.89
1.12
1.11
1.25
1.03
1.16
0.98
1.17
1.09
1.14
1.08
1.13
1.13
1.04
1.07
1.05
1.05
0.98
0.94
1.01
0.95
0.94
0.82
0.95
1.02
1.11
1.07
1.08
1.07
1.01
0.96
0.97
0.96
1.08
0.99
1.12
1.01
0.98
1.05
1.09
1.13
1.17
1.12
1.18
1.22
1.18
1.34
1.39
1.38
1.28
1.44
1.36
1.51
1.37
1.21
1.27
1.25
1.25
1.36
1.30
1.29
1.32
1.34
1.33
1.22
1.25
1.25
1.21
1.20
1.25
1.21
1.27
1.33
1.41
1.53
1.56
1.36
1.64
1.58
1.38
1.39
1.45
1.31
1.49
1.62
1.48
1.52
1.45
1.32
1.38
1.34
1.24
1.25
1.28
1.48
1.46
1.27
1.43
1.39
1.33
1.31
1.36
1.33
1.29
1.26
1.38
1.23
1.27
1.20
1.15
1.31
1.19
1.23
1.22
1.22
1.04
1.26
1.23
1.28
1.19
1.29
1.13
1.19
1.06
1.03
1.07
1.26
1.24
1.16
1.04
1.21
1.33
1.32
1.36
1.22
1.33
1.32
1.32
1.27
1.36
1.36
1.40
1.34
1.34
1.41
1.34
1.24
1.24
1.32
1.42
1.34
1.41
1.21
1.29
1.29
1.44
1.38
1.33
1.36
1.35
1.45
1.33
1.36
1.40
1.29
1.29
1.44
1.49
1.53
1.53
1.39
1.37
1.29
1.23
1.28
1.20
1.16
1.07
1.14
1.01
1.06
1.14
1.12
1.32
1.12
1.08
1.14
1.32
1.24
1.29
1.34
1.35
1.34
1.46
1.28
1.23
1.24
1.39
1.30
1.31
1.34
1.13
1.07
1.22
1.19
1.11
1.14
1.06
1.15
1.14
1.11
1.23
1.08
1.08
0.95
1.03
1.00
1.06
1.15
1.01
1.02
1.02
0.94
1.11
1.03
1.06
1.04
1.14
1.10
1.19
1.13
1.04
1.22
1.18
1.33
1.16
1.00
1.11
1.11
1.15
1.09
0.98
1.10
1.09
1.02
1.20
1.02
1.07
1.24
1.18
1.04
1.15
1.22
1.10
1.15
1.10
1.33
1.19
1.29
1.23
1.24
1.19
1.17
1.20
1.26
1.29
1.32
1.21
1.30
1.17
1.16
1.17
1.16
1.18
1.14
1.15
1.19
1.27
1.24
1.26
1.21
1.09
1.18
1.29
1.36
1.35
1.21
1.26
1.18
1.38
1.27
1.25
1.32
1.26
1.19
1.25
1.21
1.21
1.06
1.15
1.12
1.12
1.22
1.23
1.38
1.16
1.33
1.28
1.35
1.15
1.20
1.33
1.22
1.18
1.16
1.15
1.30
1.23
1.27
1.14
1.25
1.30
1.14
1.27
1.25
1.35
1.23
1.32
1.14
1.37
1.26
1.25
1.31
1.38
1.23
1.18
1.41
1.24
1.29
1.37
1.31
1.26
1.30
1.14
1.28
1.30
1.28
1.24
1.15
1.21
1.13
1.06
1.15
1.11
1.15
1.09
1.20
1.30
1.26
1.24
1.28
1.31
1.25
1.33
1.21
1.28
1.07
1.17
1.15
1.37
1.43
1.34
1.28
1.17
1.13
1.05
1.01
0.95
1.01
1.16
1.08
1.00
1.13
1.21
1.10
1.10
0.97
1.11
0.95
1.11
1.07
1.10
1.07
1.01
1.05
1.02
1.21
1.10
1.07
1.13
