4.12
4.15
4.13
3.92
3.89
3.52
3.58
3.53
3.60
3.76
3.70
3.87
3.86
3.51
3.44
3.25
3.60
3.81
3.51
3.55
3.48
3.42
3.51
3.73
3.51
3.62
3.50
3.70
3.73
3.44
3.42
3.36
3.29
3.09
2.88
2.80
2.86
2.99
3.07
3.13
3.27
3.41
3.36
3.60
3.24
3.51
3.45
3.63
3.80
3.69
3.60
4.02
3.94
3.79
3.50
3.27
3.36
3.57
3.38
3.47
3.57
3.59
3.43
3.53
3.42
3.43
3.68
3.59
3.64
3.55
3.56
3.29
3.52
3.67
3.49
3.25
3.38
3.50
3.20
3.28
3.24
3.42
3.49
3.53
3.58
3.48
3.39
3.43
3.27
3.49
3.16
3.39
3.60
3.75
3.71
3.62
3.42
3.62
3.85
3.78
4.00
3.98
3.83
4.16
3.87
3.84
3.44
3.54
3.67
3.41
3.75
3.52
3.33
3.51
3.71
3.56
3.62
3.56
3.68
3.77
3.84
3.79
3.75
3.73
3.57
3.48
3.72
3.63
3.84
3.97
3.88
3.84
3.88
3.98
4.21
4.13
4.02
4.04
3.80
3.83
3.75
3.54
3.54
3.58
3.40
3.47
3.35
3.62
3.73
3.65
3.70
3.65
3.21
3.56
3.26
2.83
3.09
3.20
3.19
2.75
2.63
2.31
2.36
2.45
2.34
2.44
2.41
2.49
2.52
2.34
2.40
2.29
2.49
2.54
2.72
2.34
2.57
2.67
2.52
2.43
2.50
2.48
2.51
2.21
2.26
1.98
1.84
1.89
2.08
2.25
2.25
2.31
2.22
2.19
2.04
2.08
2.18
2.40
2.70
2.90
2.66
2.41
2.20
1.89
2.04
1.77
1.79
1.54
1.49
1.58
1.47
1.58
1.28
1.45
1.38
1.41
1.29
1.36
1.38
1.20
1.08
0.98
1.13
1.35
1.22
1.34
1.20
1.21
1.51
1.31
1.24
1.38
1.33
1.41
1.34
1.34
1.30
1.22
1.25
1.41
1.47
1.85
1.81
1.68
1.83
1.84
1.48
1.51
1.38
1.37
1.35
1.41
1.45
1.64
1.64
1.30
1.21
1.03
1.30
1.00
1.08
1.25
1.11
1.11
1.17
1.20
1.20
1.20
1.29
1.21
1.45
1.24
1.20
1.31
1.18
1.29
1.36
1.35
1.26
1.01
1.13
1.29
1.40
1.42
1.38
1.32
1.32
1.08
1.20
1.26
1.21
1.37
1.38
1.08
1.30
1.22
1.37
1.39
1.29
1.15
1.22
1.13
1.24
1.38
1.21
1.17
1.03
1.12
0.93
0.98
1.00
1.05
1.10
1.21
1.22
1.26
1.27
1.46
1.54
1.52
1.44
1.20
1.29
1.28
1.34
1.34
1.36
1.44
1.31
1.43
1.52
1.42
1.57
1.61
1.39
1.53
1.49
1.61
1.66
1.71
1.60
1.72
1.60
1.61
1.42
1.42
1.40
1.46
1.44
1.30
1.70
1.74
1.75
1.75
1.23
1.09
1.23
1.28
1.25
1.22
1.36
1.38
1.24
1.07
1.24
1.45
1.35
1.43
1.40
1.50
1.54
1.35
1.26
1.38
1.42
1.37
1.57
1.40
1.27
1.36
1.16
1.21
1.07
1.27
1.33
1.26
1.14
1.05
1.38
1.25
1.30
1.40
1.31
1.38
1.28
1.42
1.36
1.31
1.35
1.44
1.57
1.25
1.29
1.33
1.33
1.49
1.48
1.56
1.90
1.66
1.33
1.68
1.44
1.57
1.52
1.73
1.53
1.58
1.43
1.50
1.61
1.65
1.68
1.70
1.72
1.71
1.38
1.31
1.30
1.56
1.61
1.53
1.72
1.74
1.72
1.51
1.60
1.58
1.39
1.54
1.40
1.57
1.42
1.25
1.34
1.35
1.49
1.36
1.43
1.46
1.30
1.64
1.72
1.52
1.51
1.65
1.54
1.70
1.58
1.83
2.13
2.02
2.07
1.64
1.92
1.66
1.38
1.52
1.33
1.24
1.36
1.57
1.62
1.69
1.62
1.35
1.50
1.56
1.53
1.67
1.70
1.71
1.50
1.56
1.52
1.37
1.34
1.02
1.26
1.06
1.19
1.10
1.10
1.17
1.16
1.09
1.05
0.98
1.06
1.17
1.19
1.19
1.28
1.29
1.20
1.36
1.44
1.38
1.54
1.33
1.38
1.21
1.28
1.13
1.18
1.28
1.25
1.19
1.27
1.28
1.21
1.07
1.06
1.26
1.19
1.32
1.12
1.16
1.08
1.31
1.27
1.42
1.27
1.55
1.47
1.22
1.20
1.56
1.14
1.40
1.44
1.49
1.60
1.32
1.47
1.81
1.64
1.69
1.57
1.37
1.42
1.24
1.24
1.36
1.39
1.30
1.52
1.36
1.48
1.44
1.38
1.29
1.16
1.43
1.42
1.42
1.48
1.23
1.31
1.37
1.38
1.35
1.60
1.66
1.38
1.48
1.33
1.45
1.53
1.49
1.88
1.54
1.36
1.62
1.51
1.57
1.78
1.51
1.66
1.50
1.27
1.23
1.29
1.43
1.78
1.64
1.61
1.68
1.95
1.93
1.88
1.79
1.73
1.60
1.55
1.70
1.57
1.33
1.35
1.56
1.68
1.45
1.74
1.72
1.67
1.60
1.74
1.81
1.43
1.60
1.41
1.35
1.43
1.61
1.46
1.50
1.70
1.59
1.39
1.41
1.17
1.26
1.38
1.33
1.26
1.15
1.04
1.14
1.01
1.08
1.03
1.08
1.29
1.35
1.07
1.07
1.17
1.39
1.31
1.30
1.45
1.40
1.31
1.02
1.08
1.18
1.32
1.16
1.13
1.30
1.26
1.32
1.15
0.86
1.17
1.07
1.19
1.14
1.11
1.16
1.17
0.98
1.00
1.03
1.12
1.14
1.26
0.99
1.09
1.11
1.04
1.04
1.13
1.27
1.61
1.59
1.47
1.47
1.29
1.32
1.29
1.19
1.10
1.14
1.33
1.15
1.17
1.13
1.34
1.17
1.47
1.46
1.47
1.78
1.63
1.53
1.48
1.49
1.36
1.54
1.41
1.40
1.62
1.53
1.13
1.38
1.60
1.38
1.30
1.51
1.53
1.50
1.46
1.92
1.83
2.06
2.18
2.07
2.03
2.02
1.90
2.33
2.35
2.18
1.85
1.83
1.82
1.97
1.73
1.74
1.78
1.85
1.61
1.90
1.84
1.92
1.71
1.81
1.97
2.23
1.87
2.19
2.31
2.46
2.48
2.49
2.33
1.95
2.06
1.91
1.85
1.66
1.78
1.55
1.65
1.25
1.17
1.41
1.41
1.31
1.15
1.19
1.13
1.04
1.28
1.16
1.16
1.01
1.04
1.30
1.29
1.53
1.58
1.45
1.49
1.23
1.23
1.33
1.37
1.29
1.39
1.27
1.40
1.36
1.29
1.20
1.26
1.33
1.32
1.27
1.37
1.38
1.51
1.52
1.42
1.54
1.19
1.20
1.14
1.43
1.52
1.58
1.69
1.70
1.47
1.27
1.75
1.46
1.27
1.39
1.50
1.38
1.43
1.26
1.32
1.14
1.33
1.09
1.19
1.17
1.26
1.24
1.24
1.18
1.12
1.12
1.36
1.36
1.41
1.55
1.61
1.52
1.57
1.41
1.47
1.62
1.66
1.42
1.38
1.30
1.30
1.27
1.35
1.37
1.56
1.34
1.31
1.24
1.19
1.00
1.09
1.20
1.16
1.02
1.39
1.27
1.37
1.45
1.59
1.60
1.51
1.33
1.61
1.53
1.54
1.28
1.43
1.50
1.24
1.18
1.26
1.45
1.18
1.20
1.38
1.32
1.16
1.26
1.08
1.09
1.23
1.16
1.58
1.66
1.59
1.64
1.60
1.55
1.49
1.76
1.41
1.49
1.58
1.49
1.35
1.47
1.49
1.51
1.54
1.57
1.55
1.46
1.29
1.14
1.13
1.42
1.91
1.96
1.91
1.61
1.66
1.82
2.07
1.70
2.06
2.09
2.10
1.90
1.74
1.67
1.82
1.73
1.56
1.56
1.43
1.62
1.89
1.94
1.69
1.55
1.60
1.71
1.85
1.60
1.73
1.77
1.77
1.55
1.62
1.83
1.95
1.97
1.89
2.42
2.15
1.85
1.90
1.77
1.71
1.77
1.73
1.29
1.46
1.31
1.26
1.27
1.31
1.42
1.31
1.21
1.62
1.38
1.21
1.30
1.47
1.41
1.51
1.68
1.57
1.84
1.57
1.84
1.73
1.56
1.32
1.23
1.16
1.16
1.24
1.34
1.40
1.38
1.19
1.37
1.49
1.39
1.29
1.15
1.23
1.18
1.12
1.11
1.07
1.11
1.00
1.10
1.10
1.18
1.21
1.45
1.57
1.44
1.36
1.19
1.27
1.37
1.53
1.22
1.34
1.36
1.24
1.15
0.90
1.05
1.04
1.06
1.11
1.19
1.25
1.29
1.38
1.46
1.66
1.79
1.48
1.36
1.58
1.44
1.27
1.40
1.18
1.45
1.35
1.37
1.18
1.22
1.35
1.36
1.33
1.43
1.43
1.31
1.29
1.45
1.27
1.19
1.45
1.33
1.26
1.23
1.02
0.88
1.04
1.05
1.13
1.04
1.10
1.12
1.41
1.55
1.55
1.51
1.43
1.32
1.69
1.64
1.76
1.81
1.83
1.68
1.64
1.61
1.64
1.75
1.85
1.76
1.77
1.59
1.63
1.27
1.34
1.28
1.18
1.33
1.34
1.25
1.28
1.39
1.17
1.21
1.56
1.35
1.29
1.20
1.36
1.29
1.22
1.31
1.44
1.41
1.37
1.39
1.58
1.61
1.62
1.85
1.88
1.64
1.53
1.59
1.63
1.41
1.30
1.36
1.13
1.19
1.56
1.34
1.45
1.40
1.37
1.40
1.75
1.65
1.79
1.90
1.82
1.88
1.73
1.80
1.80
1.94
2.01
2.07
2.15
2.16
1.96
1.91
2.34
1.98
1.93
1.95
1.96
1.74
1.77
1.76
1.44
1.49
1.74
1.59
1.62
1.27
1.51
1.40
1.48
1.43
1.55
1.28
1.18
1.34
1.51
1.68
1.51
1.33
1.32
1.46
1.25
1.37
1.27
1.34
1.32
1.25
1.32
1.42
1.63
1.23
1.28
1.44
1.36
1.52
1.38
1.65
1.38
1.46
1.57
1.73
1.48
1.31
1.09
1.22
1.20
1.19
1.51
1.56
1.50
1.44
1.60
1.50
1.26
1.39
1.36
1.53
1.38
1.43
1.55
1.31
1.32
1.19
1.40
1.74
1.58
1.57
1.37
1.86
2.00
2.01
2.05
1.86
1.75
1.80
1.68
1.97
2.11
2.09
2.10
2.03
2.05
1.59
1.53
1.52
1.68
1.72
1.55
1.45
1.46
1.53
1.52
1.82
1.88
1.97
1.83
1.86
2.07
2.12
1.90
1.52
1.53
1.75
1.70
1.70
1.60
1.62
1.63
1.59
1.57
1.45
1.36
1.33
1.63
1.85
1.39
1.66
1.58
1.59
1.52
1.72
1.70
1.80
1.74
1.93
1.77
1.69
1.77
1.46
1.66
1.65
1.42
1.35
1.33
1.55
1.62
1.75
1.78
1.80
1.80
1.80
1.67
1.64
1.52
1.53
1.39
1.23
1.19
1.26
1.23
1.24
1.48
1.50
1.31
1.09
1.13
1.14
1.06
1.25
1.29
1.38
1.47
1.52
1.45
1.48
1.23
1.20
1.27
1.27
1.47
1.17
1.30
1.35
1.30
1.48
1.56
1.65
1.29
1.38
1.20
1.32
1.17
1.37
1.45
1.46
1.54
1.32
1.33
1.38
1.37
1.50
1.60
1.77
1.76
1.88
1.43
1.58
1.36
1.84
1.94
2.16
2.15
2.09
2.08
1.78
1.48
1.32
1.36
1.28
1.52
1.34
1.43
1.34
1.26
1.20
1.26
1.48
1.86
2.11
1.91
1.88
1.57
1.77
2.05
1.72
2.07
1.86
1.75
1.93
1.78
2.05
1.91
1.98
2.05
2.04
2.04
2.13
1.92
1.72
1.49
1.63
1.65
1.69
1.68
1.97
1.86
1.87
1.97
2.34
2.34
2.37
2.06
2.08
2.09
1.94
1.57
1.73
1.60
1.53
1.46
1.45
1.48
1.39
1.38
1.30
1.44
1.25
1.42
1.18
1.18
1.42
1.15
1.18
1.37
1.28
1.84
2.13
2.12
1.83
1.78
1.72
1.59
1.87
2.01
1.55
1.57
1.38
1.64
1.61
1.38
1.46
1.63
1.36
1.35
1.17
1.33
1.56
1.58
1.37
1.56
1.37
1.35
1.40
1.23
1.15
1.27
1.17
1.30
1.65
1.69
1.68
1.78
1.53
1.38
1.27
1.52
1.79
1.51
1.39
1.23
1.27
1.16
1.14
1.06
1.25
1.45
1.50
1.68
1.64
1.78
1.87
1.75
1.59
2.17
2.17
1.92
1.79
1.89
1.68
1.31
1.22
1.19
1.47
1.62
1.53
1.30
1.25
1.33
1.24
1.31
1.56
1.71
1.62
1.59
1.48
1.51
1.38
1.27
1.30
1.03
1.28
1.23
1.17
1.21
1.06
1.43
1.49
1.68
1.68
1.70
1.80
1.62
1.70
1.81
1.70
1.41
1.65
1.83
1.75
1.89
2.01
2.23
2.03
2.09
1.64
1.91
1.81
1.59
1.59
1.68
1.64
1.67
1.42
1.24
1.55
1.61
1.19
1.09
1.22
0.98
1.22
1.25
1.53
1.21
1.20
1.33
1.24
1.38
1.38
1.39
1.54
1.53
1.65
1.48
1.42
1.55
1.60
1.34
1.37
1.58
1.66
1.59
1.66
1.50
1.65
1.91
1.71
1.57
1.69
1.86
1.80
1.62
1.86
1.59
1.49
1.48
1.69
2.12
1.80
1.94
1.71
1.66
1.77
1.65
1.58
1.85
1.81
1.72
1.53
1.38
1.80
1.77
1.82
2.18
2.03
2.03
1.88
2.24
2.23
2.01
2.27
2.30
2.30
2.20
2.41
2.05
1.95
1.69
1.74
1.74
1.65
1.72
2.00
2.23
2.27
2.35
2.19
2.07
2.08
1.81
1.91
1.80
1.51
1.54
1.87
1.73
1.61
1.66
1.59
1.39
1.71
1.82
1.84
1.65
1.68
1.83
1.87
1.83
1.71
1.68
1.76
1.75
1.89
1.57
1.59
1.68
1.55
1.73
1.62
1.42
1.64
1.84
1.65
1.37
1.53
1.53
1.43
1.42
1.22
1.22
1.01
1.15
1.26
1.26
1.08
1.04
1.03
1.33
1.30
1.58
1.53
1.54
1.44
1.41
1.58
1.61
1.44
1.40
1.65
1.32
1.26
1.41
1.64
1.73
1.70
1.48
1.14
1.27
1.43
1.42
1.67
1.46
1.04
1.05
1.20
1.25
1.20
1.33
1.40
1.26
1.20
1.35
1.24
1.39
1.50
1.81
1.46
1.53
1.44
1.49
1.55
1.41
1.53
1.62
1.64
1.44
1.46
1.46
1.44
1.40
1.44
1.19
1.16
1.35
1.16
1.21
1.35
1.60
1.54
1.50
1.28
1.22
1.25
1.22
1.24
1.54
1.46
1.52
1.23
1.40
1.44
1.22
1.37
1.38
1.39
1.24
1.25
1.30
1.18
1.16
1.22
1.19
1.28
1.26
1.09
1.46
1.49
1.29
1.39
1.12
1.02
1.13
1.19
1.43
1.68
1.67
1.59
1.46
1.56
1.38
1.45
1.56
1.40
1.68
1.41
1.27
1.31
1.33
1.46
1.62
1.51
1.50
1.64
1.86
1.72
1.69
1.62
1.66
1.76
1.64
1.54
1.45
1.36
1.56
1.29
1.47
1.42
1.67
1.86
1.76
1.52
1.41
1.54
1.64
1.69
1.59
1.67
1.46
1.55
1.65
1.50
1.48
1.34
1.41
1.37
1.40
1.37
1.52
1.41
1.57
1.59
1.66
1.50
1.22
1.31
1.38
1.18
1.41
1.38
1.54
1.31
1.64
1.60
1.68
1.42
1.42
1.38
1.30
1.37
1.42
1.23
1.13
1.26
1.60
1.77
1.60
1.50
1.28
1.46
1.42
1.43
1.72
1.60
1.61
1.32
1.39
1.66
1.60
1.88
1.54
1.66
1.86
1.72
1.57
1.50
1.33
1.48
1.38
1.28
1.44
1.26
1.32
1.33
1.58
1.80
1.70
1.73
1.55
1.36
1.32
1.43
1.23
1.27
1.65
1.57
1.35
1.64
1.77
1.87
1.76
1.63
1.65
1.89
1.86
1.66
1.82
1.58
1.58
1.56
1.37
1.70
1.61
1.31
1.47
1.47
1.43
1.48
1.26
1.26
1.24
1.39
1.45
1.58
1.54
1.53
1.47
1.51
1.42
1.70
1.52
1.23
1.27
1.34
1.37
1.35
1.55
1.63
1.32
1.71
1.72
1.55
1.63
1.66
1.57
1.35
1.23
1.19
1.47
1.43
1.47
1.17
1.38
1.47
1.39
1.27
1.44
1.42
1.47
1.60
1.36
1.42
1.48
1.22
1.26
1.24
1.37
1.36
1.75
1.79
1.86
1.79
1.65
1.81
1.59
1.48
1.37
1.14
1.28
1.37
1.55
1.55
1.52
1.82
1.74
1.38
1.34
1.36
1.23
1.22
1.28
1.28
1.45
1.48
1.69
2.04
2.11
2.05
1.87
1.71
1.54
1.61
1.53
1.67
1.57
1.51
1.63
1.62
1.59
1.52
1.35
1.32
1.33
1.44
1.37
1.31
1.15
1.22
1.19
1.09
1.32
1.46
1.35
1.28
1.15
1.43
1.16
1.20
1.37
1.29
1.33
1.48
1.01
1.22
1.34
1.10
1.19
1.24
1.56
1.28
0.96
0.93
1.11
1.06
1.17
0.99
1.06
1.07
1.30
1.15
1.36
1.26
1.30
1.31
1.10
0.94
0.98
1.17
1.38
1.36
1.34
1.26
0.94
1.03
0.96
1.10
1.02
1.14
1.35
1.23
1.14
1.40
1.40
1.36
1.43
1.38
1.24
1.24
1.23
1.06
1.10
1.10
1.15
1.46
1.41
1.53
1.32
1.40
1.35
1.24
1.36
1.55
1.51
1.53
1.28
1.41
1.45
1.27
1.35
1.82
2.03
1.88
1.87
2.26
2.57
2.43
2.40
2.26
2.02
1.81
2.00
1.91
2.04
1.78
1.73
1.45
1.48
1.57
1.51
1.69
1.61
1.78
1.62
1.96
1.78
1.48
1.47
1.32
1.61
1.34
1.35
1.26
1.47
1.22
1.43
1.52
1.50
1.35
1.34
1.64
1.83
2.01
2.00
1.83
1.85
1.85
1.65
1.48
1.49
1.28
1.57
1.74
1.60
1.75
1.74
1.52
1.66
1.70
1.55
1.63
1.43
1.72
1.85
1.89
1.91
2.08
2.16
1.96
2.05
1.81
1.89
1.66
1.67
1.47
1.67
1.42
1.50
1.42
1.42
1.46
1.34
1.38
1.56
1.39
1.64
1.87
1.77
2.21
2.03
1.93
1.54
1.74
1.71
1.45
1.56
1.36
1.33
1.35
1.44
1.38
1.24
1.22
1.42
1.52
1.39
1.32
1.26
1.11
1.17
1.18
1.33
1.49
1.47
1.51
1.61
1.55
1.24
1.31
1.29
1.32
1.20
1.38
1.47
1.23
1.22
1.44
1.25
1.09
1.33
1.28
1.31
1.14
1.36
1.41
1.48
1.31
1.35
1.40
1.38
1.50
1.49
1.78
1.65
1.70
1.65
1.66
1.60
1.73
1.54
1.99
1.92
2.04
1.86
1.71
1.70
1.57
1.62
1.53
1.45
1.33
1.39
1.33
1.58
1.20
1.07
1.39
1.23
1.33
1.35
1.30
1.55
1.60
1.61
1.77
1.65
1.70
1.85
1.56
1.63
1.48
1.25
1.42
1.29
1.51
1.51
1.59
1.50
1.18
1.28
1.43
1.44
1.35
1.34
1.21
1.24
1.56
1.38
1.39
1.22
1.28
1.22
1.14
1.01
1.09
1.18
1.33
1.26
1.00
1.33
1.60
1.46
1.47
1.66
1.56
1.51
1.44
1.48
1.67
1.52
1.51
1.40
1.61
1.58
1.53
1.66
1.51
1.64
1.32
1.73
1.57
1.39
1.34
1.35
1.37
1.39
1.25
1.11
1.19
1.25
1.18
1.36
1.50
1.32
1.34
1.29
1.11
1.03
1.03
1.14
1.35
1.42
1.30
1.37
1.39
1.47
1.26
1.29
1.51
1.55
1.26
1.50
1.46
1.48
1.18
1.17
1.30
1.12
1.24
1.24
1.37
1.41
1.38
1.47
1.64
1.53
1.37
1.27
1.54
1.37
1.50
1.94
1.93
2.11
2.02
1.92
2.06
2.37
1.84
1.72
1.94
2.03
2.33
2.41
2.36
2.24
1.93
1.78
1.95
1.61
1.43
1.53
1.54
1.61
1.59
1.61
1.70
1.49
1.40
1.43
1.48
1.34
1.45
1.67
1.17
1.51
1.46
1.72
1.92
1.86
1.84
1.70
1.72
1.36
1.37
1.21
1.18
1.35
1.18
1.09
1.02
1.16
1.18
1.11
1.33
1.29
1.25
1.20
1.17
1.34
1.38
1.37
1.46
1.52
1.26
1.30
1.24
1.23
1.30
1.25
1.29
1.20
1.29
1.31
1.33
1.15
1.36
1.22
1.30
1.24
1.18
1.30
1.16
1.35
1.23
1.11
1.24
1.20
1.15
1.37
1.28
1.24
1.19
1.21
1.43
1.12
1.22
1.49
1.31
1.36
1.07
1.23
1.04
1.29
1.00
1.10
1.23
1.05
1.26
1.22
1.11
1.11
1.05
1.03
0.99
1.11
1.41
1.23
1.14
1.18
1.31
1.46
1.29
1.30
1.31
1.03
1.03
1.19
1.10
1.04
1.16
1.10
1.18
1.15
1.02
1.07
1.11
1.29
1.30
1.24
1.30
1.27
1.06
1.25
1.19
1.14
1.19
1.33
1.45
1.33
1.39
1.33
1.48
1.19
1.38
1.25
1.15
1.19
1.11
1.25
1.29
1.35
1.31
1.38
1.36
1.27
1.21
1.10
1.21
1.05
1.22
1.34
1.33
1.35
1.22
1.38
1.38
1.24
1.40
1.32
1.55
1.69
1.76
1.70
1.45
1.39
1.28
1.23
1.77
1.76
1.75
1.83
1.78
1.66
1.32
1.43
1.31
1.32
1.36
1.43
1.39
1.35
1.65
1.66
1.49
1.61
1.46
1.68
1.59
1.81
1.63
1.70
1.65
1.62
1.57
1.65
1.45
1.64
1.57
1.40
1.68
1.55
1.43
1.44
1.32
1.39
1.46
1.30
1.37
1.22
1.05
1.27
1.26
1.09
1.08
1.36
1.24
1.31
1.41
1.29
1.13
1.17
1.16
1.45
1.16
1.08
1.33
1.23
1.37
1.51
1.44
1.40
1.54
1.36
1.54
1.68
1.45
1.43
1.50
1.41
1.53
1.46
1.62
1.90
1.87
1.63
1.54
1.83
1.87
1.70
1.54
1.62
1.60
1.60
1.57
1.80
1.77
2.13
2.16
2.03
2.01
1.83
1.83
1.67
1.73
1.71
1.35
1.15
1.09
1.10
1.10
1.09
1.25
1.27
1.39
1.35
1.16
1.36
1.16
1.23
1.13
1.27
1.37
1.44
1.41
1.17
1.29
1.15
1.34
1.44
1.39
1.34
1.22
1.21
1.14
1.28
1.26
1.29
1.42
1.33
1.35
1.21
1.19
1.16
1.16
1.09
1.20
1.27
1.23
1.08
1.06
1.16
1.20
1.23
1.22
1.45
1.38
1.34
1.02
1.02
1.10
1.17
0.99
1.09
1.26
1.15
1.07
1.10
1.18
1.26
1.11
1.31
1.13
1.11
1.31
1.03
1.36
1.29
1.38
1.46
1.28
1.24
0.96
1.32
1.46
1.34
1.47
1.28
1.53
1.43
1.40
1.29
1.47
1.39
1.34
0.97
1.12
1.30
1.10
1.17
1.26
1.06
0.98
1.25
1.25
1.29
1.09
1.17
1.25
1.35
0.96
1.03
0.97
1.00
1.02
0.96
1.11
0.98
1.03
1.14
1.08
1.15
1.08
1.19
1.24
1.28
1.32
1.29
1.38
1.46
1.67
1.31
1.42
1.59
1.92
1.51
1.64
2.00
2.19
2.24
2.30
2.61
2.76
2.48
2.14
1.80
1.77
1.62
1.98
1.48
1.40
1.32
1.16
1.23
1.43
1.28
1.28
1.28
1.48
1.69
1.63
1.75
1.59
1.55
1.48
1.59
1.53
1.32
1.35
1.45
1.25
1.28
1.11
1.33
1.52
1.49
1.42
1.34
1.45
1.35
1.35
1.43
1.49
1.56
1.45
1.18
1.07
1.22
1.31
1.45
1.33
1.39
1.21
1.16
1.34
1.41
1.41
1.59
1.67
1.56
1.50
1.27
1.32
1.32
1.33
1.36
1.31
1.38
1.28
1.37
1.58
1.46
1.33
1.48
1.32
1.24
1.16
1.33
1.32
1.44
1.53
1.41
1.58
1.70
1.38
1.45
1.32
1.40
1.32
1.13
1.20
1.04
1.04
0.94
0.96
1.26
1.53
1.53
1.26
1.34
1.33
1.31
1.30
1.24
1.29
1.64
1.58
1.87
1.70
1.36
1.42
1.30
0.95
1.26
1.35
1.16
1.37
1.51
1.45
1.22
1.37
1.45
1.17
1.59
1.57
1.53
1.52
1.56
1.57
1.65
1.47
1.41
1.26
1.19
1.32
1.31
1.20
1.18
1.11
1.30
1.46
1.75
1.55
1.57
1.55
1.40
1.51
1.55
1.28
1.48
1.48
1.45
1.80
1.86
1.65
1.85
1.87
1.77
1.80
2.00
1.83
1.75
2.22
2.27
2.04
2.45
2.21
2.49
2.16
2.25
1.89
1.98
1.99
1.84
1.64
1.92
1.75
1.97
1.92
1.91
1.81
1.71
1.77
1.70
1.99
2.05
1.91
1.60
1.53
1.60
1.62
1.64
1.70
1.75
1.75
1.39
1.33
1.44
1.38
1.48
1.72
1.61
1.57
1.45
1.50
1.40
1.52
1.50
1.54
1.69
1.91
1.83
1.70
1.94
1.99
1.82
1.91
1.88
1.83
1.67
1.75
1.89
2.01
1.96
1.90
2.13
2.05
1.94
1.86
1.59
1.53
1.49
1.23
1.44
1.47
1.36
1.46
1.45
1.24
1.30
1.29
1.25
1.29
1.61
1.68
1.59
1.45
1.24
1.12
1.39
1.57
1.59
1.69
1.98
1.91
1.86
1.62
1.64
1.53
1.59
1.49
1.38
1.33
1.37
1.28
1.02
1.29
1.22
1.46
1.66
1.61
1.25
1.42
1.50
1.48
1.57
1.73
1.63
1.48
1.61
1.49
1.46
1.64
1.70
1.55
1.63
1.44
1.59
1.28
1.11
1.18
1.26
1.18
1.14
1.06
1.18
1.43
1.18
1.48
1.77
1.81
1.24
1.38
1.52
1.67
1.78
1.47
1.35
1.53
1.65
1.81
1.55
1.55
1.40
1.46
1.32
1.34
1.36
1.47
1.40
1.45
1.38
1.48
1.45
1.54
1.33
1.41
1.42
1.68
1.64
1.49
1.69
1.84
1.42
1.36
1.63
1.59
1.45
1.49
1.30
1.39
1.37
1.68
1.36
1.60
1.40
1.26
1.21
1.12
0.92
1.30
1.25
1.24
1.19
1.12
0.93
1.13
1.02
0.99
1.20
1.22
1.09
1.28
1.51
1.24
1.48
1.46
1.12
1.21
1.32
1.33
1.29
1.39
1.69
1.55
1.40
1.48
1.67
1.69
1.56
1.43
1.69
1.48
1.55
1.38
1.39
1.64
1.65
1.74
1.52
1.47
1.67
1.67
1.63
1.69
1.90
1.87
2.15
2.21
1.74
1.63
1.62
1.68
2.08
1.91
1.79
1.81
1.78
1.83
1.85
1.76
2.05
1.93
1.91
1.92
1.91
1.84
1.75
1.70
1.72
1.64
1.61
1.50
1.54
1.30
1.55
1.78
1.99
1.92
1.64
1.58
1.69
1.67
1.58
1.57
1.49
1.78
1.65
1.30
1.41
1.25
1.13
1.21
1.17
1.28
1.59
1.35
1.55
1.83
1.63
2.19
2.00
1.92
1.70
1.53
1.58
1.10
1.21
0.98
0.98
1.14
1.26
1.15
1.10
1.05
1.08
1.00
1.05
0.98
1.11
1.09
1.36
1.65
1.53
1.43
1.60
1.45
1.42
1.53
1.29
1.35
1.44
1.27
1.56
1.46
1.33
1.35
1.29
1.45
1.45
1.43
1.59
1.38
1.35
1.51
1.64
1.79
2.04
1.47
1.49
1.68
1.60
1.39
1.37
1.53
1.47
1.37
1.20
0.85
1.37
1.32
1.21
1.48
1.41
1.22
1.14
1.06
1.20
1.22
1.46
1.36
1.53
1.15
1.37
1.41
1.86
1.72
1.68
1.61
1.49
1.67
1.64
1.51
1.81
1.87
1.67
1.63
1.68
1.78
1.94
1.86
1.89
1.62
1.69
1.68
1.98
1.79
1.90
1.98
1.85
1.54
1.40
1.36
1.51
1.64
1.74
1.47
1.46
1.51
1.62
1.60
1.19
1.28
1.36
1.27
1.34
1.40
1.28
1.21
1.41
1.41
1.47
1.48
1.81
1.47
1.41
1.51
1.57
1.52
1.45
1.62
1.65
1.43
1.30
1.41
1.32
1.31
1.48
1.43
1.70
1.51
1.36
1.45
1.39
1.29
1.43
1.35
1.15
1.03
1.20
1.42
1.10
1.06
0.99
1.09
1.00
1.00
0.91
1.28
1.40
1.42
1.32
1.38
1.44
1.46
1.33
1.45
1.37
1.47
1.40
1.42
1.38
1.32
1.78
1.60
1.30
1.05
1.13
1.20
1.18
1.44
1.77
1.86
1.57
1.45
1.56
1.49
1.08
1.28
1.35
1.48
1.49
1.31
1.33
1.32
1.47
1.52
1.22
1.21
1.52
1.50
1.49
1.36
1.25
1.20
1.28
1.45
1.51
1.39
1.60
1.53
1.52
1.60
1.33
1.36
1.34
1.34
1.27
1.24
1.31
1.48
1.39
1.47
1.53
1.52
1.91
1.73
1.62
1.43
1.39
1.30
1.25
1.33
1.43
1.59
1.66
1.78
1.82
1.77
1.78
1.73
1.51
1.18
1.51
1.48
1.42
1.43
1.67
1.56
1.52
1.38
1.27
1.41
1.28
1.26
1.61
1.61
1.46
1.45
1.49
1.65
1.46
1.83
1.73
1.81
1.62
1.47
1.42
1.55
1.38
1.38
1.42
1.42
1.23
1.47
1.27
1.37
1.48
1.44
1.22
1.37
1.20
1.30
1.54
1.62
1.56
1.37
1.46
1.31
1.51
1.53
1.55
1.74
1.85
1.94
1.96
2.03
1.62
1.63
1.49
1.50
1.55
1.61
1.50
1.55
1.57
1.55
1.40
1.42
1.66
1.86
1.93
2.00
2.14
2.27
2.13
2.19
2.08
2.01
2.02
2.25
2.14
1.84
1.90
1.81
1.82
2.03
1.84
1.68
1.72
1.57
1.64
1.55
1.46
1.49
1.63
1.58
1.93
1.90
2.08
2.11
1.73
1.54
1.74
1.66
1.58
1.65
1.41
1.35
1.27
1.29
1.20
1.35
1.38
1.29
1.16
1.12
1.22
1.13
1.19
1.24
1.46
1.47
1.55
1.69
1.96
2.10
2.09
2.03
1.94
2.00
1.76
1.78
1.62
1.60
1.62
1.54
1.47
1.27
1.30
1.33
1.39
1.52
1.50
1.69
1.67
1.59
1.52
1.67
1.52
1.40
1.42
1.66
1.69
1.65
1.49
1.24
1.47
1.87
1.33
1.56
1.68
1.76
1.77
1.77
1.68
1.53
1.48
1.40
1.76
1.72
1.74
1.77
1.72
1.78
1.57
1.83
1.46
1.75
1.56
1.36
1.41
1.19
1.26
1.29
1.43
1.40
1.61
1.61
1.79
1.61
1.43
1.72
1.33
1.26
1.20
1.49
1.48
1.18
1.34
1.85
1.95
1.81
1.49
1.26
1.40
1.40
1.52
1.39
1.42
1.28
1.17
1.25
1.36
1.52
1.55
1.27
1.29
1.52
1.45
1.45
1.48
1.46
1.51
1.28
1.82
1.89
1.44
1.56
1.36
1.38
1.52
1.65
1.48
1.67
1.80
1.64
1.38
1.33
1.34
1.66
1.99
2.09
2.19
2.14
2.41
1.97
1.87
1.73
1.76
1.51
1.35
1.59
1.64
1.50
1.42
1.60
1.75
1.45
1.70
1.66
1.37
1.30
1.08
1.21
1.34
1.23
1.42
1.34
1.37
1.29
1.15
1.12
1.17
1.28
1.16
1.15
1.27
1.25
1.29
1.37
1.43
1.63
1.79
2.00
1.95
1.99
2.03
2.19
2.24
2.31
2.03
1.95
1.89
1.60
1.65
1.91
1.83
1.92
1.48
1.62
1.80
2.03
1.64
1.66
1.71
1.90
1.89
1.94
1.71
1.78
1.84
1.93
1.86
1.94
2.02
2.01
1.88
1.97
1.76
1.78
2.03
1.84
1.94
2.12
2.27
2.28
1.92
1.81
1.92
1.63
1.27
1.58
1.68
1.92
2.00
2.05
2.14
1.99
2.28
2.36
2.24
2.14
1.95
2.10
1.68
1.93
1.95
1.62
1.59
1.47
1.70
1.63
1.90
1.85
1.70
1.78
1.79
1.96
1.91
2.03
1.98
1.95
1.71
1.82
1.76
1.85
1.79
2.21
2.31
2.28
2.06
1.91
1.70
1.68
1.83
1.52
1.65
1.31
1.32
1.68
1.64
1.48
1.49
1.49
1.59
1.48
1.34
1.55
1.18
1.37
1.34
1.32
1.14
1.16
1.04
1.05
1.25
1.07
1.09
1.12
1.16
1.01
1.08
0.94
1.26
1.13
1.53
1.26
1.27
1.52
1.39
1.35
1.08
1.02
0.97
1.14
0.99
1.36
1.10
1.01
1.25
1.31
1.33
1.36
1.17
1.16
1.08
1.04
1.04
1.18
1.23
1.14
1.11
1.14
1.08
1.08
1.21
1.38
1.24
1.14
1.47
1.35
1.65
1.52
1.40
1.44
1.47
1.51
1.70
1.69
1.20
1.25
1.46
1.29
1.39
1.54
1.67
1.65
1.55
1.39
1.63
1.83
1.88
1.46
1.60
1.62
1.72
1.91
1.63
1.65
2.03
1.93
1.67
1.41
1.54
1.60
1.37
1.40
1.31
1.30
1.48
1.30
1.22
1.31
1.28
1.36
1.55
1.37
1.33
1.24
1.30
1.04
1.22
1.04
1.40
1.38
1.45
1.31
1.52
1.59
1.51
1.68
1.88
2.01
1.98
1.62
1.74
1.68
1.83
1.78
1.92
2.03
1.96
1.98
2.05
2.33
2.18
2.14
2.13
2.21
2.12
1.84
1.71
1.49
1.58
1.39
1.37
1.42
1.26
1.25
1.27
1.44
1.19
1.27
1.38
1.24
1.31
1.59
1.27
1.28
1.22
1.29
1.22
1.46
1.32
1.39
1.42
1.40
1.38
1.34
1.34
1.31
1.39
1.42
1.37
1.41
1.20
1.21
1.18
1.29
1.20
1.34
1.14
1.22
1.26
1.35
1.48
1.37
1.23
1.16
1.25
1.29
1.27
1.58
1.54
1.32
1.45
1.26
1.27
1.17
1.25
1.39
1.25
1.56
1.26
1.32
1.10
1.17
1.28
1.29
1.38
1.26
1.49
1.32
1.29
1.43
1.43
1.33
1.23
1.35
1.53
1.59
1.31
1.30
1.63
1.50
1.59
1.52
1.46
1.57
1.41
1.48
1.49
1.51
1.62
1.47
1.47
1.39
1.69
1.81
1.94
2.25
1.84
1.85
1.88
2.12
2.02
1.86
1.92
2.02
1.77
1.82
1.99
2.23
2.22
2.29
2.29
2.38
2.39
2.05
2.13
1.84
1.74
1.79
1.71
1.74
1.86
2.02
1.99
2.02
1.98
1.69
1.90
1.71
1.88
1.69
1.82
1.94
1.87
1.77
1.92
1.84
2.03
2.15
2.30
2.08
1.99
1.83
1.80
1.91
1.97
1.59
1.70
1.70
1.76
1.58
1.38
1.58
1.45
1.77
1.45
1.60
1.65
1.72
1.42
1.30
1.40
1.51
1.72
1.40
1.51
1.54
1.65
1.71
1.47
1.48
1.45
1.56
1.36
1.43
1.41
1.56
1.74
1.81
1.64
1.62
1.60
1.54
1.47
1.50
1.46
1.42
1.57
1.75
2.08
1.95
1.91
1.95
1.73
1.77
1.63
1.68
1.68
1.78
1.63
1.66
1.22
1.33
1.47
1.30
1.61
1.42
1.41
1.47
1.46
1.58
1.66
1.63
1.47
1.56
1.44
1.45
1.91
2.06
2.13
1.75
1.70
1.88
1.83
1.77
1.58
1.48
1.46
1.55
1.52
1.46
1.38
1.60
1.66
1.78
1.52
1.71
1.60
1.64
1.69
1.54
1.24
1.28
1.33
1.25
1.11
1.04
1.15
1.33
1.28
1.01
1.01
1.08
1.20
1.16
1.38
1.28
1.08
1.24
1.03
1.28
1.05
1.21
1.38
1.24
1.43
1.28
1.55
1.34
1.29
1.36
1.39
1.51
1.56
1.77
1.61
1.27
1.48
1.26
1.38
1.61
1.77
2.22
2.62
2.68
2.48
2.42
2.19
2.03
2.02
1.81
1.83
1.61
1.84
1.79
1.81
1.47
1.45
1.25
1.04
1.14
1.40
1.34
1.11
1.18
1.18
1.19
1.21
1.45
1.63
1.49
1.56
1.70
1.55
1.58
1.68
1.40
1.74
1.75
2.05
1.86
1.72
1.53
1.44
1.35
1.71
1.66
1.42
1.59
1.43
1.60
1.64
1.45
1.62
1.62
1.29
1.32
1.46
1.40
1.28
1.53
1.61
1.43
1.30
1.28
1.34
1.11
0.91
1.01
1.31
1.27
1.35
1.24
1.46
1.46
1.27
1.40
1.13
1.01
1.14
1.25
1.55
1.53
1.22
1.15
1.31
1.28
1.26
1.15
1.11
1.19
1.22
1.38
1.18
1.04
0.94
1.17
1.03
1.13
1.22
1.32
1.38
1.52
1.82
1.52
1.44
1.46
1.44
1.38
1.30
1.17
1.26
1.25
1.26
1.13
1.36
1.42
1.31
1.49
1.43
1.48
1.41
1.26
1.02
1.06
1.12
1.10
1.13
1.07
1.11
1.51
1.48
1.72
1.87
1.68
1.64
1.73
1.58
1.44
1.77
1.58
1.52
1.35
1.48
1.39
1.41
1.44
1.62
1.68
1.88
1.81
1.84
1.83
1.86
1.55
1.57
1.25
1.45
1.34
1.45
1.33
1.28
1.26
1.21
1.28
1.26
1.48
1.46
1.30
1.27
1.26
1.28
1.33
1.27
1.29
1.33
1.08
1.20
1.03
1.00
1.12
1.11
1.03
1.12
1.21
1.35
1.35
1.22
1.07
1.08
1.08
1.27
1.44
1.36
1.46
1.24
1.41
1.38
1.23
1.51
1.51
1.36
1.69
1.74
1.65
1.72
1.51
1.38
1.29
1.71
1.66
1.54
1.79
1.43
1.97
1.61
1.56
1.50
1.79
1.61
1.80
1.77
1.80
1.85
1.80
1.81
1.83
1.97
1.71
1.49
1.46
1.62
1.54
1.41
1.54
1.53
1.50
1.43
1.45
1.48
1.57
1.33
1.31
1.38
1.53
1.40
1.33
1.67
1.56
1.35
1.43
1.61
1.20
1.39
1.60
1.40
1.55
1.58
1.57
1.95
1.84
2.09
1.98
2.08
2.10
2.17
2.11
2.13
1.92
1.87
1.99
1.72
2.06
1.75
1.89
1.82
1.67
1.58
1.64
1.72
1.52
1.73
1.33
1.61
1.76
1.82
1.63
1.79
1.74
1.93
1.79
1.87
1.62
1.64
1.75
1.24
1.57
1.17
1.39
1.15
1.23
1.18
1.28
1.36
1.47
1.27
1.20
1.49
1.39
1.46
1.53
1.37
1.46
1.50
1.49
1.61
1.57
1.52
1.44
1.67
1.35
1.33
1.05
1.32
1.23
1.13
1.24
1.19
1.04
1.02
1.18
1.11
1.10
1.11
1.28
1.36
1.46
1.46
1.45
1.33
1.30
1.33
1.33
1.35
1.33
1.59
1.54
1.43
1.44
1.34
1.50
1.50
1.77
1.78
1.71
1.38
1.49
1.60
1.39
1.45
1.29
1.45
1.59
1.52
1.68
1.74
1.80
1.67
1.60
1.79
1.67
1.67
1.86
1.65
1.43
1.33
1.40
1.63
1.45
1.83
1.78
1.79
1.87
1.89
1.88
1.85
1.98
1.93
1.76
1.74
1.94
1.77
1.81
1.60
1.76
1.68
1.62
1.76
1.97
2.40
1.92
2.08
2.14
2.10
1.99
1.89
2.01
1.85
1.97
1.65
1.69
1.71
1.74
1.72
1.59
1.74
1.78
1.72
1.57
1.81
1.78
2.13
2.04
2.14
2.03
2.22
2.12
2.17
2.21
2.09
2.49
2.35
2.44
2.11
2.28
1.85
1.87
2.10
2.09
1.87
1.40
1.70
1.76
1.58
1.53
1.40
1.39
1.17
1.03
1.31
1.19
1.38
1.24
1.10
1.22
1.12
1.14
1.01
1.16
1.27
1.21
1.13
1.38
1.23
1.21
1.35
1.36
1.63
1.50
1.69
1.90
1.59
1.59
1.70
1.95
2.00
1.52
1.59
1.37
1.46
1.42
1.46
1.52
1.33
1.50
1.62
1.83
1.74
1.72
1.71
1.89
1.83
1.56
1.80
1.81
1.93
1.74
1.52
1.47
1.30
1.26
1.40
1.26
1.33
1.64
1.31
1.28
1.23
1.26
1.38
1.27
1.33
1.40
1.44
1.22
1.33
1.21
1.46
1.25
1.28
1.65
1.93
2.10
1.86
1.93
2.05
1.70
1.78
1.71
1.73
1.83
1.83
1.88
1.73
1.72
1.88
1.95
1.82
1.77
1.88
1.84
1.70
1.47
1.57
1.66
1.44
1.51
1.60
1.50
1.70
1.63
1.92
1.85
2.09
2.22
1.87
1.67
1.75
1.58
1.62
1.82
1.91
1.70
1.82
1.66
1.41
1.56
1.56
2.05
2.03
2.01
1.61
1.52
1.50
1.28
1.22
1.23
1.31
1.38
1.68
1.58
1.70
2.06
1.81
1.95
1.87
1.88
1.64
1.58
1.56
1.18
1.30
1.38
1.24
1.18
1.24
1.29
1.54
1.37
1.34
1.20
1.28
1.51
1.61
1.71
1.75
1.42
1.35
1.48
1.49
1.42
1.58
1.56
1.42
1.61
1.82
1.67
1.98
1.94
2.11
2.14
2.24
2.25
1.92
1.88
2.13
2.26
2.00
1.75
1.93
1.74
1.42
1.50
1.60
1.72
1.44
1.78
1.85
1.54
1.37
1.48
1.46
1.53
1.34
1.53
1.59
1.64
1.67
1.41
1.48
1.41
1.58
1.34
1.49
1.42
1.60
1.40
1.49
1.42
1.50
1.46
1.31
1.33
1.10
1.10
1.08
1.26
1.19
1.38
1.10
0.99
0.99
1.28
1.13
1.24
1.23
1.25
1.06
1.04
1.26
1.18
1.10
1.42
1.23
1.27
1.22
1.25
1.41
1.47
1.53
1.54
1.53
1.78
1.43
1.54
1.48
1.57
1.77
1.44
1.58
1.58
1.48
1.24
1.13
1.13
1.23
1.48
1.35
1.44
1.31
1.36
1.31
1.18
1.27
1.37
1.41
1.34
1.36
1.20
1.37
1.31
1.19
1.07
1.07
1.07
1.12
1.27
1.17
1.22
1.22
1.25
1.14
1.22
1.33
1.18
1.45
1.27
1.46
1.46
1.50
1.31
1.43
1.27
1.29
1.32
1.26
1.21
1.10
1.18
1.11
1.29
1.35
1.55
1.45
1.26
1.13
1.22
1.09
0.92
0.96
1.17
1.31
1.44
1.33
1.46
1.25
1.37
1.29
1.18
1.19
1.45
1.29
1.27
1.09
1.18
1.19
1.21
1.25
1.21
1.36
1.23
1.06
1.20
0.98
1.23
1.19
1.40
1.31
1.22
1.35
1.26
1.39
1.41
1.33
1.49
1.54
1.56
1.18
1.26
1.19
1.33
1.26
1.31
1.55
1.61
1.67
1.76
1.57
1.61
1.59
1.61
1.39
1.51
1.47
1.39
1.45
1.36
1.56
1.28
1.29
1.34
1.36
1.38
1.48
1.60
1.54
1.58
1.56
1.31
1.34
1.57
1.45
1.47
1.55
1.39
1.40
1.26
1.34
1.58
1.49
1.72
1.84
1.63
1.90
1.68
1.64
1.94
1.87
2.00
1.78
1.64
1.80
1.55
1.71
1.70
1.76
1.55
1.80
1.42
1.53
1.13
1.28
1.18
1.31
1.38
1.50
1.58
1.38
1.24
1.38
1.38
1.41
1.18
1.04
1.09
1.20
1.20
1.25
0.98
1.05
1.03
0.98
1.42
1.48
1.58
1.62
1.46
1.57
1.66
1.49
1.72
1.61
1.64
1.61
1.44
1.30
1.73
1.64
1.77
1.67
1.39
1.59
1.40
1.47
1.31
1.41
1.47
1.22
1.51
1.63
1.55
1.48
1.58
1.39
1.41
1.24
0.95
1.01
0.98
1.08
1.25
1.15
1.03
1.01
0.97
0.91
1.25
1.27
1.26
1.06
1.03
1.13
1.08
1.25
1.17
1.27
1.20
1.27
1.26
1.06
1.11
1.15
1.32
1.36
1.25
1.23
1.36
1.16
0.96
1.20
1.22
1.14
1.48
1.34
1.24
1.28
1.03
1.29
1.39
1.52
1.26
1.25
1.32
1.38
1.19
1.29
1.58
1.53
1.56
1.61
1.51
1.65
1.68
1.63
1.46
1.55
1.20
1.29
1.33
1.11
1.00
1.15
1.30
1.31
1.48
1.53
1.48
1.46
1.21
1.34
1.39
1.40
1.36
1.27
1.35
1.36
1.42
1.27
1.33
1.31
1.57
1.47
1.42
1.30
1.11
1.10
1.30
1.27
1.30
1.15
1.41
1.25
1.33
1.25
1.11
1.28
1.31
1.48
1.55
1.27
1.23
1.22
1.16
1.21
1.60
1.35
1.51
1.63
1.29
1.36
1.49
1.42
1.36
1.39
1.38
1.31
1.29
1.27
1.51
1.57
1.21
1.23
1.10
1.03
1.11
1.34
1.00
1.15
1.14
1.34
1.31
1.19
1.23
1.22
1.31
1.35
1.42
1.34
1.15
1.10
1.47
1.48
1.31
1.23
1.15
1.19
1.04
1.21
1.17
1.19
1.08
1.37
1.76
1.63
1.50
1.36
1.45
1.36
1.43
1.41
1.30
1.57
1.65
1.42
1.50
1.28
1.39
1.34
1.33
1.51
1.45
1.30
1.23
1.33
1.15
0.99
1.01
1.01
1.17
1.10
1.14
1.31
1.35
1.30
1.24
1.56
1.45
1.55
1.80
1.40
1.54
1.68
1.36
1.44
1.22
1.41
1.48
1.30
1.52
1.44
1.56
1.50
1.38
1.47
1.53
1.37
1.38
1.50
1.43
1.41
1.34
1.61
1.84
1.69
1.68
1.42
1.65
1.64
1.85
1.54
1.52
1.64
1.16
1.10
1.22
1.02
1.16
1.26
1.43
1.21
1.21
1.40
1.40
1.37
1.24
1.57
1.48
1.60
1.72
1.67
1.55
1.69
1.56
1.53
1.53
1.38
1.40
1.35
1.10
1.43
1.45
1.30
1.42
1.50
1.33
1.33
1.43
1.34
1.37
1.40
1.29
1.33
1.65
2.07
1.86
1.96
1.66
1.58
1.63
1.71
1.60
1.74
1.68
1.83
1.75
1.65
1.41
1.45
1.50
1.72
1.62
1.69
1.60
1.60
1.55
1.48
1.55
1.35
1.22
0.97
1.05
0.95
1.11
1.34
1.19
1.33
1.58
1.68
1.93
1.97
1.94
1.63
1.60
1.43
1.02
1.24
1.36
1.68
1.64
1.51
1.31
1.61
1.56
1.28
1.23
1.42
1.36
1.20
1.32
1.59
1.60
1.57
1.69
1.84
1.69
1.57
1.76
1.55
1.55
1.70
1.49
1.28
1.40
1.33
1.39
1.41
1.30
1.38
1.34
1.53
1.47
1.72
1.39
1.45
1.46
1.46
1.22
1.35
1.53
1.50
1.57
1.09
1.55
1.34
1.51
1.52
1.51
1.31
1.51
1.21
1.18
1.17
1.25
1.15
1.22
1.04
1.45
1.21
1.21
1.14
1.19
1.28
1.29
1.28
1.31
1.43
1.48
1.71
1.38
1.29
1.47
1.94
2.12
1.82
1.72
1.74
1.76
1.76
1.89
1.41
1.47
1.35
1.63
1.60
1.41
1.56
1.40
1.66
1.74
1.95
1.88
2.10
1.94
2.14
1.83
1.82
1.82
1.65
1.71
1.68
1.53
1.39
1.58
1.70
1.48
1.30
1.26
1.15
1.45
1.32
1.30
1.61
1.56
1.56
1.53
1.57
1.31
1.23
1.30
1.29
1.21
1.63
1.34
1.12
1.25
1.10
1.35
1.16
1.12
1.48
1.35
1.40
1.29
1.61
1.50
1.45
1.37
1.47
1.41
1.18
1.22
1.50
1.59
1.44
1.43
1.47
1.34
1.45
1.33
1.21
1.30
1.49
1.57
1.55
1.25
1.12
1.52
1.69
1.56
1.64
1.64
1.88
1.52
1.29
1.16
1.37
1.39
1.22
1.27
1.26
1.07
1.25
1.19
1.05
1.15
0.89
0.97
0.90
1.09
0.95
1.01
1.08
1.18
1.09
1.21
1.20
1.36
1.22
1.20
1.10
1.11
1.09
1.02
1.03
1.30
1.14
1.08
0.89
0.95
1.05
1.08
1.04
0.98
1.32
1.15
1.08
1.25
1.25
1.35
1.39
1.40
1.21
1.31
1.11
1.23
1.53
1.23
1.35
1.28
1.41
1.47
1.52
1.86
1.65
1.43
1.36
1.25
1.31
1.39
1.04
0.90
1.39
1.66
1.38
1.64
1.55
1.43
1.63
1.60
1.59
1.48
1.52
1.27
1.59
1.38
1.44
1.41
1.58
1.55
1.64
1.65
1.18
1.17
1.16
1.55
1.55
1.51
1.81
1.73
1.97
1.82
1.88
1.98
2.21
2.11
1.92
1.91
1.73
1.99
1.98
1.89
2.00
1.76
1.74
1.79
1.50
1.56
1.64
1.43
1.41
1.66
1.65
1.57
1.39
1.33
1.70
1.46
1.60
1.50
1.69
1.46
1.57
1.57
1.60
1.50
1.62
1.41
1.53
1.44
1.58
1.72
1.61
1.52
1.74
1.84
1.36
1.54
1.42
1.60
1.45
1.53
1.31
1.16
1.32
1.36
1.58
1.53
1.43
1.07
1.05
1.43
1.47
1.44
1.31
1.47
1.56
1.38
1.25
1.35
1.28
1.37
1.31
1.13
1.24
1.15
1.05
1.14
1.22
1.16
1.16
1.50
1.45
1.62
1.48
1.49
1.68
1.72
1.86
1.64
1.69
1.57
1.48
1.50
1.81
1.92
2.15
1.94
2.03
1.90
2.13
2.04
2.03
1.96
1.59
1.58
1.65
1.65
1.59
1.84
1.60
1.53
1.64
1.58
1.51
1.66
1.53
1.51
1.47
1.57
1.44
1.47
1.40
1.23
1.41
1.35
1.36
1.32
1.16
1.26
1.16
1.13
1.14
1.22
1.02
1.11
1.26
1.44
1.63
1.36
1.37
1.29
1.41
1.35
1.10
1.16
0.94
1.20
1.40
1.47
1.45
1.72
1.72
1.73
1.39
1.36
1.30
1.27
1.25
1.61
1.50
1.62
1.54
1.33
1.43
1.36
1.26
1.51
1.57
1.59
1.13
1.39
1.35
1.31
0.98
1.44
1.36
1.23
1.12
1.13
1.09
1.21
1.24
1.19
1.28
1.17
1.02
1.11
1.45
1.40
1.31
1.54
1.45
1.30
1.13
1.09
1.13
1.11
1.34
1.15
1.07
1.17
1.24
1.18
0.99
1.14
1.26
1.16
1.21
1.26
1.29
1.25
1.20
1.30
1.49
1.08
1.14
1.00
1.36
1.46
1.62
1.68
1.43
1.37
1.65
1.70
1.77
1.59
1.59
1.42
1.39
1.27
1.28
1.56
1.69
1.78
1.43
1.71
1.72
1.36
1.44
1.63
1.29
1.57
1.42
1.20
1.18
1.54
1.47
1.59
1.38
1.26
1.18
1.31
1.12
1.31
1.68
1.40
1.42
1.31
1.41
1.47
1.44
1.51
1.79
2.13
2.11
1.88
1.96
2.05
2.11
2.11
2.01
1.51
1.52
1.35
1.38
1.15
1.29
1.48
1.84
1.96
1.98
2.33
2.41
2.39
2.57
2.72
2.49
2.21
2.37
2.18
1.83
2.09
2.03
2.00
1.93
2.06
2.20
2.51
2.36
2.19
2.20
2.06
2.28
2.16
1.82
1.89
1.88
1.83
1.98
1.96
1.92
1.82
2.10
1.98
2.07
2.08
2.23
2.23
2.08
2.39
2.26
2.16
2.14
2.22
2.45
2.47
2.53
2.58
2.31
2.34
2.29
2.15
1.83
2.11
1.66
1.50
1.47
1.48
1.57
1.30
1.51
1.55
1.51
1.66
1.86
1.77
1.74
1.70
1.83
1.54
1.37
1.38
1.48
1.63
1.25
1.17
1.24
1.65
1.54
1.30
1.29
1.45
1.34
1.22
1.20
1.44
1.06
1.15
1.18
1.27
1.03
1.07
1.49
1.32
1.05
1.10
1.30
1.29
1.17
0.89
1.01
1.32
1.16
1.09
1.09
1.32
1.25
1.21
1.23
1.40
1.57
1.42
1.50
1.47
1.42
1.48
1.39
1.37
1.37
1.53
1.60
1.56
1.70
1.59
1.77
1.69
1.59
1.70
1.57
1.62
1.90
1.80
1.96
1.90
1.99
1.85
1.63
1.74
1.51
1.44
1.44
1.32
1.20
1.14
1.24
1.32
1.20
1.26
1.35
1.27
1.26
1.37
1.45
1.16
1.24
1.18
1.29
1.22
1.36
1.49
1.33
1.32
1.32
1.46
1.99
2.26
2.04
1.97
2.25
2.25
2.20
2.43
1.86
1.73
1.86
1.58
1.47
1.47
1.29
1.28
1.34
1.52
1.20
1.37
1.34
1.31
1.35
1.44
1.36
1.48
1.37
1.44
1.49
1.44
1.56
1.33
1.13
1.29
1.12
1.32
1.40
1.31
1.34
1.27
1.53
1.42
1.67
1.71
1.50
1.47
1.77
1.78
1.71
1.57
1.59
1.89
1.70
1.60
1.66
1.60
1.56
1.69
1.72
1.78
1.62
1.66
1.54
1.54
1.66
1.78
1.93
1.95
1.84
1.77
1.52
1.58
1.48
1.49
1.52
1.58
1.56
1.78
2.07
2.03
2.11
1.93
1.84
2.03
2.00
1.75
1.87
1.75
1.75
1.78
1.91
1.76
1.60
1.41
1.24
1.24
1.18
1.21
1.34
1.52
1.40
1.32
1.61
1.79
1.58
1.29
1.24
1.05
1.09
1.26
1.53
1.58
1.43
1.59
1.37
1.45
1.60
1.47
1.40
1.47
1.59
1.64
1.58
1.41
1.43
1.59
1.94
1.96
1.69
1.96
1.80
1.84
1.54
1.26
1.44
1.05
1.15
1.22
1.22
1.28
1.19
1.16
1.13
1.12
1.30
1.20
1.20
1.21
1.21
1.17
1.37
1.27
1.23
1.11
0.97
1.03
1.15
1.26
1.30
1.27
1.24
1.29
1.44
1.74
1.51
1.47
1.55
1.49
1.29
1.36
1.46
1.67
1.36
1.60
1.47
1.10
1.29
1.26
1.27
1.24
1.14
1.08
1.24
1.42
1.52
1.32
1.44
1.39
1.59
1.35
1.64
1.65
1.71
1.88
1.90
2.00
1.92
1.66
1.55
1.83
1.66
1.83
1.72
1.47
1.54
1.68
1.64
1.58
1.98
1.65
1.79
1.91
1.89
1.50
1.72
1.65
2.05
2.02
2.07
1.89
1.96
2.10
2.20
2.30
2.15
2.23
2.24
2.21
2.25
2.31
2.00
1.57
1.48
1.50
1.44
1.19
1.30
1.19
1.25
1.31
1.64
1.54
1.78
1.72
1.78
1.66
1.52
1.49
1.69
1.53
1.71
1.68
1.76
1.74
1.56
1.69
1.84
1.80
1.89
1.81
1.67
1.83
1.73
1.74
1.95
1.73
1.51
1.67
1.82
1.92
1.73
1.54
1.63
1.58
1.51
1.32
1.21
1.07
1.26
1.25
1.30
1.38
1.46
1.48
1.51
1.23
1.52
1.17
1.40
1.29
1.38
1.65
1.48
1.25
1.26
1.45
1.36
1.07
1.46
1.56
1.59
1.66
1.61
1.42
1.57
1.36
1.59
1.26
1.19
1.27
1.15
1.20
1.21
1.15
1.14
1.20
1.16
1.20
1.30
1.30
1.23
1.45
1.10
1.22
1.47
1.51
1.58
1.41
1.41
1.58
1.73
1.86
2.04
1.94
2.22
2.03
1.77
1.77
1.84
1.97
1.87
1.76
1.73
1.76
1.83
1.88
1.89
2.02
1.57
1.85
1.85
2.14
2.00
2.16
2.14
2.01
1.75
1.56
1.55
1.72
1.47
1.57
1.59
1.60
1.64
1.74
1.59
1.49
1.29
1.34
0.97
1.11
1.01
1.20
1.23
1.07
1.28
1.33
1.15
1.28
1.29
1.14
1.20
1.08
1.28
1.19
1.06
1.25
1.12
1.22
1.41
1.33
1.31
1.19
1.21
1.03
1.18
1.26
1.33
1.43
1.50
1.61
1.75
1.51
1.48
1.36
1.28
1.48
1.23
1.30
1.50
1.65
1.64
1.44
1.22
1.26
1.42
1.30
1.29
1.35
1.22
1.07
1.24
1.15
0.95
1.12
1.10
1.11
1.32
1.07
1.15
1.49
1.29
1.72
1.69
1.67
1.88
1.87
2.09
1.79
2.09
1.90
1.73
1.95
1.74
1.76
1.66
1.73
1.95
1.94
1.85
1.74
1.54
1.36
1.14
1.15
1.27
1.33
1.27
1.13
1.11
1.25
1.31
1.35
1.28
1.33
1.27
1.30
1.15
1.19
1.34
1.16
1.33
1.37
1.24
1.45
1.43
1.37
1.35
1.11
1.02
1.08
1.11
0.99
1.29
1.15
1.13
1.24
1.16
1.26
1.13
1.22
1.25
1.21
1.41
1.32
1.20
1.36
1.45
1.51
1.34
1.45
1.46
1.21
1.25
1.29
1.25
1.45
1.27
1.24
1.16
1.07
1.22
1.20
1.27
1.54
1.36
1.44
1.41
1.62
1.45
1.28
1.45
1.44
1.21
1.29
1.34
1.39
1.44
1.52
1.31
1.47
1.22
1.28
1.44
1.42
1.42
1.60
1.54
1.46
1.90
1.63
1.75
1.88
1.76
1.76
1.61
1.56
1.45
1.66
1.38
1.43
1.14
1.17
1.20
1.46
1.29
1.56
2.12
1.85
1.79
1.76
1.89
1.85
1.92
2.37
2.04
1.78
1.76
1.55
1.66
1.73
1.75
1.89
1.79
1.72
1.63
1.60
1.71
1.53
1.30
1.24
1.35
1.62
1.61
1.58
1.38
1.40
1.30
1.31
1.36
1.39
1.57
1.64
1.56
1.57
1.30
1.40
1.43
1.46
1.26
1.58
1.52
1.46
1.52
1.56
1.73
1.58
1.54
1.60
1.35
1.27
1.41
1.34
1.33
1.45
1.33
1.27
1.27
1.54
1.39
1.45
1.61
1.53
1.27
1.34
1.26
1.35
1.23
1.16
1.47
1.30
1.45
1.39
1.74
1.57
1.63
1.67
1.93
1.60
1.79
2.00
1.71
1.67
1.35
1.00
1.19
1.26
1.35
1.22
1.32
1.28
1.45
1.37
1.52
1.54
1.39
1.55
1.71
1.66
1.39
1.37
1.63
1.54
1.60
1.55
1.42
1.50
1.69
1.98
1.70
1.72
1.71
1.63
1.71
1.73
1.48
1.81
1.89
1.77
1.85
1.34
1.63
1.64
1.90
2.09
1.85
1.59
1.60
1.66
1.34
1.40
1.31
1.59
1.60
1.64
1.70
1.56
1.32
1.70
1.60
1.55
1.57
1.52
1.37
1.51
1.37
1.42
1.36
1.38
1.62
1.58
1.35
1.36
1.41
1.35
1.27
1.47
1.58
1.55
1.79
1.47
1.28
1.41
1.22
1.46
1.73
1.39
1.31
1.40
1.51
1.76
1.77
2.00
2.20
2.23
1.94
1.68
1.43
1.43
1.44
1.50
1.58
1.54
1.36
1.51
1.23
1.59
1.28
1.08
0.98
1.06
1.02
1.07
1.06
1.47
1.32
1.56
1.90
1.63
1.87
1.49
1.64
1.42
1.17
1.21
1.25
1.26
1.21
1.25
1.47
1.48
1.57
1.63
1.59
1.62
1.53
1.94
1.53
1.44
1.42
1.41
1.37
1.31
1.25
1.28
1.70
1.44
1.28
1.26
1.32
1.29
1.26
1.39
1.27
1.25
1.51
1.73
1.40
1.20
1.16
1.48
1.76
1.62
1.52
1.37
1.21
1.37
1.64
1.41
1.54
1.44
1.30
1.26
1.53
1.66
1.49
1.74
1.59
1.69
1.66
1.37
1.27
1.06
1.27
1.48
1.43
1.30
1.38
1.70
1.50
1.37
1.61
1.79
1.61
1.71
1.83
1.70
1.80
1.75
1.88
1.83
1.77
1.81
1.56
1.55
1.36
1.14
1.28
1.21
0.99
1.41
1.25
1.39
1.24
1.28
1.35
1.29
1.85
1.79
1.60
1.60
1.37
1.32
1.38
1.50
1.43
1.66
1.44
1.63
1.51
1.59
1.40
1.57
1.43
1.49
1.41
1.31
1.62
1.63
1.41
1.54
1.56
1.30
1.62
1.36
1.29
1.31
1.44
1.32
1.50
1.19
1.14
1.37
1.31
1.26
1.36
1.45
1.17
1.08
1.27
1.71
1.70
1.86
1.66
1.52
1.60
1.56
1.42
1.29
1.36
1.76
2.01
1.81
1.68
1.88
1.52
1.94
1.84
1.85
1.84
1.65
1.58
1.49
1.49
1.52
1.58
1.48
1.34
1.05
1.07
1.23
1.40
1.41
1.42
1.19
1.26
1.13
1.21
1.45
1.27
1.38
1.31
1.34
1.50
1.28
1.30
1.42
1.50
1.38
1.31
1.44
1.28
1.22
1.21
1.12
1.26
1.25
1.15
1.43
1.23
1.38
1.43
1.38
1.45
1.47
1.46
1.52
1.29
1.27
1.12
1.18
1.33
1.56
1.45
1.25
1.31
1.37
1.71
1.73
1.71
1.36
1.43
1.35
1.56
1.53
1.65
1.86
1.81
1.80
1.86
1.76
1.68
1.81
1.78
1.92
1.93
1.88
1.87
1.75
1.88
1.75
1.60
1.42
1.48
1.34
1.33
1.17
1.03
0.90
1.01
1.18
0.95
1.09
1.10
1.23
1.41
1.47
1.70
1.84
1.80
1.63
1.89
1.70
1.40
1.52
1.68
1.51
1.46
1.43
1.26
1.33
1.63
1.62
1.34
1.34
1.47
1.44
1.43
1.25
1.35
1.51
1.43
2.01
2.05
1.97
1.93
1.81
1.80
1.94
1.97
2.30
2.51
2.04
1.65
1.65
1.61
1.52
1.78
1.93
2.06
2.24
2.03
1.79
1.82
1.71
1.90
1.59
1.62
1.72
1.92
2.14
1.92
2.09
1.96
1.74
1.57
1.67
1.78
1.76
1.68
1.92
2.03
2.02
1.80
1.77
1.94
1.68
1.79
1.67
1.93
1.63
1.83
1.87
1.87
1.92
1.88
1.80
1.65
1.82
1.70
1.60
1.83
1.81
1.79
1.95
1.87
1.90
1.95
1.95
2.26
2.07
2.07
1.91
1.65
1.84
1.91
1.60
1.75
1.88
1.78
1.90
1.93
1.70
1.50
1.55
1.47
1.34
1.26
1.40
1.50
1.33
1.50
1.51
1.78
1.64
1.58
1.56
1.60
1.71
1.35
1.36
1.47
1.57
1.71
1.71
1.70
1.64
1.78
1.47
1.70
1.49
1.53
1.45
1.45
1.54
1.53
1.74
1.50
1.44
1.45
1.72
1.42
1.65
1.70
1.44
1.44
1.65
1.36
1.47
1.35
1.37
1.42
1.52
1.56
1.55
1.71
1.69
1.60
1.78
1.64
1.84
1.69
1.69
1.93
1.99
1.81
1.81
1.56
1.90
1.88
1.94
1.52
1.51
1.51
1.52
1.52
1.42
1.20
1.19
1.25
1.17
1.15
1.28
1.20
1.34
1.16
1.49
1.58
1.59
1.40
1.46
1.55
1.43
1.23
1.47
1.54
1.81
1.68
1.66
1.68
1.52
1.62
1.65
1.35
1.28
1.42
1.57
1.61
1.60
1.41
1.29
1.05
1.10
0.95
1.01
1.01
1.18
1.25
1.31
1.38
1.34
1.41
1.34
1.33
1.37
1.43
1.48
1.60
1.35
1.49
1.28
1.38
1.55
1.63
1.19
1.20
1.31
1.41
1.30
1.25
1.52
1.46
1.35
1.46
1.49
1.37
1.57
1.77
1.63
1.62
1.53
1.32
1.33
1.41
1.49
1.68
1.64
1.69
1.54
1.50
1.49
1.55
1.40
1.38
1.54
1.80
1.23
1.39
1.31
1.19
1.41
1.44
1.33
1.25
1.16
1.19
1.40
1.64
1.33
1.15
1.29
1.32
1.32
1.22
1.38
1.45
1.30
1.30
1.12
1.38
1.39
1.29
1.51
1.32
1.04
1.16
1.16
1.01
0.98
1.06
1.13
1.00
1.18
1.20
1.38
1.53
1.58
1.55
1.45
1.56
1.57
1.37
1.30
1.47
1.52
1.39
1.51
1.36
1.30
1.30
1.52
1.59
1.58
1.75
1.81
1.62
1.55
1.52
1.60
1.74
1.86
1.88
1.75
1.65
1.38
1.24
1.21
0.95
1.16
1.13
1.37
1.33
1.17
1.17
1.25
1.36
1.18
1.18
1.17
0.99
1.05
1.06
1.17
1.25
1.25
1.15
1.20
1.27
1.42
1.36
1.41
1.42
1.25
1.31
1.26
1.36
1.31
1.30
1.09
1.10
1.28
1.34
1.20
1.41
1.37
1.28
1.39
1.71
1.56
1.93
1.66
1.83
1.96
1.76
1.74
1.63
1.69
1.72
1.50
1.31
1.32
1.62
1.42
1.24
1.42
1.44
1.13
1.03
1.00
1.30
1.30
1.32
1.30
1.37
1.30
1.17
1.02
1.08
1.27
1.50
1.25
1.50
1.25
1.56
1.52
1.61
1.47
1.66
1.70
1.36
1.41
1.33
1.37
1.27
1.29
1.50
1.49
1.64
1.51
1.48
1.50
1.43
1.48
1.39
1.49
1.28
1.04
1.48
1.17
1.13
1.11
1.16
1.36
1.52
1.51
1.48
1.52
1.42
1.73
1.65
1.57
1.23
1.41
1.51
1.67
1.61
1.63
1.55
1.21
1.41
1.51
1.54
1.29
1.14
1.20
1.13
1.11
1.35
1.33
1.55
1.63
1.57
1.60
1.40
1.45
1.52
1.31
1.37
1.46
1.45
1.28
1.57
1.38
1.45
1.41
1.38
1.39
1.35
1.30
1.18
1.27
1.23
1.15
1.21
1.32
1.46
1.44
1.71
1.60
1.29
1.13
1.20
1.38
1.26
1.17
1.14
1.14
1.17
1.39
1.30
1.46
1.42
1.56
1.58
1.47
1.46
1.67
1.77
1.78
1.61
1.59
1.23
1.29
1.15
1.03
1.15
1.10
1.17
1.25
1.27
1.45
1.38
1.43
1.36
1.26
1.28
1.44
1.31
1.23
1.31
1.22
1.27
1.29
1.41
1.47
1.45
1.50
1.26
1.24
1.38
1.22
1.21
1.13
1.16
1.37
1.46
1.46
1.56
1.42
1.32
1.20
1.15
1.35
1.28
1.44
1.54
1.51
1.65
1.64
1.67
1.71
1.24
1.38
1.27
1.01
1.36
1.46
1.18
1.32
1.07
1.18
1.17
1.30
1.14
1.38
1.19
1.20
1.36
1.41
1.39
1.45
1.35
1.13
1.21
1.13
1.24
1.20
1.55
1.70
1.68
1.67
1.80
1.74
1.55
1.81
1.83
1.76
1.58
1.50
1.48
1.50
1.56
1.57
1.61
1.59
1.44
1.33
1.52
1.30
1.42
1.45
1.47
1.44
1.40
1.56
1.23
1.27
1.20
1.03
1.19
1.36
1.22
1.50
1.85
2.04
1.79
2.03
1.47
1.49
1.34
1.31
1.25
1.47
1.53
1.39
1.52
1.48
1.78
1.73
1.50
1.34
1.40
1.55
1.53
1.35
1.30
1.18
1.27
1.20
1.37
1.47
1.47
1.54
1.55
1.43
1.66
1.32
1.35
1.43
1.52
1.58
1.41
1.43
1.41
1.43
1.54
1.69
1.45
1.43
1.33
1.22
1.12
1.20
1.23
1.15
1.12
1.12
1.09
1.03
0.93
0.90
1.09
1.21
1.11
1.20
1.11
1.05
1.04
0.94
0.96
1.22
1.26
1.23
1.39
1.32
1.09
0.93
1.09
1.17
1.30
1.22
1.34
1.39
1.42
1.27
1.43
1.37
1.34
1.29
1.20
1.35
1.48
1.37
1.22
1.46
1.54
1.50
1.60
1.33
1.34
1.41
1.59
1.47
1.36
1.38
1.31
1.29
1.45
1.36
1.31
1.43
1.66
1.47
1.53
1.42
1.28
1.35
1.62
1.69
1.76
1.42
1.36
1.42
1.38
1.33
1.20
1.15
1.08
1.11
1.30
1.08
1.38
1.25
1.31
1.20
1.44
1.25
1.33
1.15
1.18
1.25
1.22
1.64
1.43
1.29
1.49
1.34
1.37
1.56
1.25
1.45
1.46
1.27
1.29
0.92
1.10
1.16
1.18
1.21
1.18
1.23
1.18
1.23
1.17
0.99
1.08
1.29
1.36
1.23
1.18
1.07
1.15
1.35
1.32
1.12
1.37
1.42
1.35
1.47
1.42
1.47
1.43
1.49
1.41
1.34
1.19
1.00
1.47
1.54
1.59
1.53
1.59
1.57
1.66
1.29
1.66
1.79
1.77
1.29
1.42
1.33
1.72
1.90
1.74
1.86
1.82
1.68
1.67
1.90
2.09
2.08
2.03
2.19
2.42
2.42
2.14
2.22
1.88
1.56
1.65
1.66
1.78
1.53
1.40
1.19
1.38
1.47
1.50
1.62
1.43
1.49
1.52
1.13
1.22
1.18
1.16
1.25
1.47
1.81
1.67
1.67
1.50
1.55
1.73
1.53
1.30
1.52
1.21
1.21
0.99
1.19
1.28
1.13
1.13
1.05
1.13
1.22
1.34
1.11
1.11
1.06
1.04
1.03
0.98
1.29
1.13
1.24
0.97
1.23
1.36
1.43
1.35
1.45
1.37
1.68
1.52
1.35
1.29
1.22
1.31
1.17
1.14
1.07
1.32
1.39
1.43
1.45
1.42
1.48
1.36
1.30
1.18
1.00
1.35
1.16
1.23
1.09
0.89
1.07
1.17
1.09
1.15
1.15
1.26
1.36
1.17
1.32
1.28
1.15
0.97
1.19
1.19
1.29
1.25
1.05
1.03
1.15
1.35
1.39
1.32
1.26
1.32
1.26
1.72
1.85
2.00
2.06
2.13
1.88
1.49
1.36
1.28
1.31
1.22
1.27
1.28
1.02
1.15
1.23
1.34
1.37
1.33
1.55
1.56
1.27
1.58
1.51
1.57
1.72
1.70
1.72
1.65
1.74
1.58
1.55
1.42
1.54
1.46
1.36
1.70
1.72
1.68
1.63
1.78
1.52
1.26
1.31
1.17
1.17
1.38
1.36
1.32
1.53
1.50
1.20
1.35
1.56
1.62
1.64
1.71
1.95
1.84
1.52
1.44
1.62
1.47
1.42
1.41
1.26
1.39
1.23
1.14
1.26
1.45
1.55
1.43
1.36
1.06
1.20
1.20
1.26
1.50
1.33
1.42
1.44
1.76
1.96
1.97
1.48
1.59
1.77
1.61
1.43
1.55
1.46
1.60
1.33
1.06
1.27
1.17
1.27
1.17
1.17
1.17
1.11
1.33
1.36
1.37
1.21
1.28
1.37
1.33
1.32
1.05
1.05
1.02
1.14
1.48
1.30
1.45
1.34
1.42
1.41
1.42
1.61
1.45
1.40
1.35
1.38
1.33
1.50
1.22
1.08
1.15
1.22
1.39
1.47
1.43
1.28
1.32
1.37
1.34
1.51
1.36
1.61
1.46
1.28
1.43
1.30
1.55
1.50
1.44
1.25
1.21
1.02
1.18
1.56
1.48
1.31
1.46
1.43
1.57
1.54
1.45
1.21
1.33
1.41
1.23
1.63
1.56
1.14
1.09
1.27
1.40
1.42
1.46
1.62
1.52
1.47
1.56
1.58
1.53
1.47
1.61
1.60
1.79
1.57
1.76
2.02
1.68
1.87
1.77
1.65
1.60
1.45
1.29
1.28
1.34
1.77
1.61
1.59
1.64
1.80
1.79
1.65
1.91
1.53
1.69
1.34
1.36
1.20
1.22
1.23
1.25
1.16
1.30
1.45
1.47
1.41
1.41
1.44
1.37
1.41
1.25
1.32
1.37
1.23
1.17
1.10
1.07
1.18
1.22
1.02
1.23
1.18
1.45
1.44
1.32
1.33
1.39
1.21
1.46
1.33
1.30
1.46
1.42
1.10
1.52
1.44
1.39
1.57
1.36
1.41
1.53
1.29
1.35
1.33
1.18
1.08
1.05
1.15
1.27
1.30
1.22
1.16
1.31
1.47
1.26
1.06
1.07
1.14
1.13
1.14
1.28
1.14
1.74
1.62
1.59
1.45
1.51
1.67
1.63
1.77
1.98
1.70
1.51
1.44
1.30
1.36
1.40
1.43
1.52
1.61
1.42
1.61
1.50
1.63
1.39
1.33
1.65
1.64
1.48
1.77
1.81
1.92
1.64
1.41
1.65
1.64
1.97
1.70
1.51
1.52
1.54
1.68
1.83
2.15
1.71
1.41
1.32
1.57
1.29
1.34
1.27
1.50
1.54
1.51
1.44
1.37
1.44
1.44
1.48
1.70
1.84
1.93
1.69
1.86
2.03
1.74
2.06
1.96
1.71
1.83
1.90
1.73
1.85
1.64
1.69
1.63
1.65
1.77
2.10
1.75
1.74
1.52
1.36
1.56
1.63
1.37
1.36
1.47
1.38
1.21
1.38
1.38
1.49
1.54
1.32
1.31
1.24
1.40
1.41
1.47
1.30
1.32
1.21
1.15
1.08
1.14
1.17
1.08
1.08
0.99
1.03
1.06
1.23
1.22
1.31
1.32
1.36
1.36
1.43
1.59
1.52
1.47
1.37
1.36
1.40
1.39
1.68
1.63
1.65
1.87
1.97
1.62
1.58
1.62
1.53
1.47
1.52
1.43
1.39
1.71
1.84
1.43
1.55
1.34
1.61
1.75
1.67
1.80
1.67
1.69
1.66
1.68
1.65
1.54
1.48
1.34
1.39
1.17
1.27
1.02
1.20
1.37
1.70
1.32
1.20
1.34
1.38
1.49
1.38
1.66
1.77
1.65
1.90
1.96
1.75
1.69
1.76
1.71
1.89
1.70
1.77
1.60
1.73
1.88
1.90
1.59
1.71
1.64
1.54
1.43
1.43
1.51
1.39
1.51
1.31
1.61
1.52
1.23
1.58
1.69
1.46
1.55
1.53
1.55
1.65
1.60
1.55
1.61
1.87
1.83
1.89
1.85
1.85
1.94
1.89
1.95
2.04
1.91
1.65
1.82
2.31
1.82
1.93
2.19
2.31
2.26
2.17
1.80
1.53
1.54
1.62
1.62
1.58
1.68
1.97
1.70
1.69
1.64
1.72
1.61
1.71
1.53
1.52
1.25
1.31
1.49
1.43
1.65
1.56
1.66
1.60
1.71
1.47
1.31
1.20
1.12
1.27
1.14
1.07
1.16
1.10
1.07
1.15
1.24
1.16
1.27
1.01
1.16
1.15
1.29
1.43
1.03
1.02
1.04
1.22
1.30
1.40
1.17
1.07
1.12
1.30
1.50
1.56
1.57
1.52
1.32
1.59
1.51
1.38
1.21
1.46
1.66
1.53
1.31
1.30
1.30
1.39
1.29
1.10
1.29
1.39
1.25
1.20
1.16
1.05
1.04
1.14
1.28
1.35
1.45
1.49
1.33
1.39
1.45
1.53
1.52
1.23
1.41
1.58
1.71
1.71
1.60
1.24
1.75
1.68
1.66
1.72
1.62
1.66
1.74
1.58
1.50
1.64
1.30
1.47
1.30
1.53
1.65
2.22
1.96
1.72
1.74
1.87
1.71
1.73
1.51
1.78
1.77
1.69
1.57
1.58
1.55
1.44
1.70
1.49
1.66
1.83
1.64
1.71
1.51
1.44
1.54
1.09
1.00
1.12
1.15
0.99
1.01
1.12
1.25
1.10
0.99
1.00
1.00
1.06
1.11
1.10
1.29
1.47
1.40
1.45
1.30
1.40
1.43
1.38
1.28
1.29
1.27
1.49
1.74
1.71
1.41
1.36
1.41
1.74
1.64
1.79
1.73
1.71
1.56
1.45
1.57
1.54
1.45
1.54
1.41
1.36
1.35
1.50
1.78
1.65
1.37
1.70
1.55
1.84
2.16
1.87
1.72
1.90
1.84
1.85
1.35
1.24
0.98
1.07
1.28
1.23
1.12
0.99
0.98
1.22
1.40
1.57
1.73
1.65
1.70
1.52
1.65
1.95
1.84
1.93
1.85
1.96
1.72
1.35
1.46
1.48
1.38
1.47
1.65
1.64
1.67
1.38
1.47
1.36
1.35
1.25
1.29
1.37
1.46
1.75
1.23
1.24
1.21
1.09
1.05
1.13
1.06
1.10
1.18
1.44
1.23
1.17
1.58
1.47
1.40
1.40
1.41
1.18
1.17
1.12
1.23
1.19
1.08
1.17
1.02
0.99
1.14
1.23
1.13
1.13
1.20
1.19
1.38
1.47
1.35
1.30
1.34
1.25
1.27
1.53
1.45
1.08
1.19
1.28
1.28
1.24
1.25
1.16
1.13
1.30
1.33
1.21
1.19
1.35
1.09
0.95
1.15
1.04
1.14
1.20
1.15
1.09
1.14
1.17
1.24
1.29
1.24
1.34
1.66
1.82
1.56
1.37
1.37
1.32
1.40
1.30
1.10
1.15
1.43
1.31
1.38
1.11
1.28
0.94
1.04
1.11
1.22
1.25
1.58
1.32
1.38
1.51
1.41
1.35
1.49
1.37
1.53
1.66
1.86
1.77
1.85
1.57
1.35
1.31
1.36
1.54
1.33
1.66
1.46
1.80
1.61
1.55
1.64
1.58
1.44
1.44
1.43
1.60
1.83
1.58
1.64
1.74
1.79
1.72
1.64
1.62
1.91
1.82
2.06
1.94
1.52
1.60
1.86
1.87
1.68
1.73
2.07
1.94
1.92
1.89
1.77
1.81
1.64
1.80
1.72
1.66
1.63
1.59
1.87
1.95
2.00
2.26
2.21
2.40
2.33
2.37
2.04
2.02
1.74
1.68
1.65
1.92
1.83
1.92
1.41
1.67
1.79
1.72
1.59
1.45
1.44
1.42
1.34
1.54
1.45
1.69
1.66
1.58
1.82
1.80
1.85
1.84
2.10
1.99
1.71
1.61
1.24
1.48
1.20
1.11
0.98
1.10
0.98
1.07
1.31
1.09
1.35
1.39
1.38
1.27
1.23
1.65
1.27
1.32
1.29
1.14
1.00
1.02
1.15
1.25
1.53
1.50
1.40
1.57
1.40
1.58
1.42
1.64
1.63
1.72
1.31
1.32
1.19
1.22
1.44
1.62
1.75
1.53
1.41
1.51
1.53
1.76
1.64
1.44
1.58
1.68
1.61
1.85
1.70
1.53
1.76
1.54
1.32
1.22
1.46
1.23
1.22
1.22
1.23
1.22
1.13
1.10
1.27
1.47
1.55
1.62
1.75
1.63
1.57
1.40
1.33
1.28
1.31
1.21
1.15
1.03
0.98
0.88
0.96
0.96
1.07
1.00
0.90
1.27
1.22
1.37
1.70
1.56
1.41
1.08
1.20
1.42
1.16
1.24
1.36
1.39
1.21
1.31
1.24
1.26
1.34
1.35
1.32
1.40
1.36
1.34
1.36
1.46
1.36
1.41
1.46
1.21
1.34
1.31
1.34
1.36
1.26
1.22
1.43
1.23
1.27
1.42
1.72
1.71
1.70
1.72
1.77
1.82
1.65
1.55
1.55
1.54
1.35
1.32
1.25
1.18
1.03
1.24
1.06
0.95
1.04
0.95
1.05
1.07
1.15
1.22
1.37
1.43
1.43
1.55
1.33
1.39
1.43
1.46
1.35
1.14
1.21
1.26
1.35
1.25
1.36
1.51
1.56
1.58
1.99
1.93
2.03
1.95
1.96
1.80
1.90
1.93
2.43
2.62
2.69
2.37
2.48
2.66
2.80
2.59
2.61
2.37
2.28
2.29
2.16
2.09
2.00
2.47
2.48
2.59
2.59
2.26
2.23
1.85
1.85
1.70
1.93
1.55
2.00
2.08
2.16
2.19
2.63
2.35
2.45
2.33
2.05
2.35
2.29
2.29
2.11
1.99
1.68
1.70
1.96
2.17
2.30
2.02
2.08
1.88
1.70
1.59
2.13
1.80
1.75
1.87
1.86
2.07
2.27
2.01
1.85
1.48
1.86
1.81
2.10
2.39
2.82
2.77
2.38
1.86
1.58
1.43
1.49
1.76
1.57
1.43
1.25
1.52
1.74
1.55
1.54
1.62
1.53
1.61
1.45
1.68
1.80
1.88
1.82
1.92
1.55
1.47
1.64
1.47
1.75
1.53
1.59
1.58
1.31
1.43
1.23
1.12
1.35
1.12
1.30
1.29
1.42
1.51
1.52
1.33
1.40
1.51
1.40
1.36
1.27
1.71
1.71
1.64
1.74
1.83
1.75
1.76
1.55
1.44
1.81
1.64
1.91
1.81
1.60
1.79
1.93
2.17
1.71
1.64
1.73
1.68
1.83
1.67
1.46
1.34
1.28
1.64
1.64
1.83
1.62
1.60
1.77
1.68
1.54
1.61
1.58
1.61
1.86
1.90
1.69
1.50
1.54
1.68
1.50
1.24
1.27
1.15
1.21
1.30
1.60
1.50
1.41
1.41
1.54
1.47
1.63
1.53
1.62
1.65
1.31
1.27
1.35
1.38
1.23
1.39
1.44
1.44
1.39
1.51
1.39
1.52
1.45
1.62
1.80
1.60
1.52
1.52
1.55
1.41
1.29
1.21
1.25
1.22
1.22
1.22
1.21
1.47
1.40
1.46
1.10
0.99
0.98
1.13
1.44
1.14
1.17
1.25
1.33
1.36
1.28
1.43
1.67
1.49
1.74
1.83
1.69
1.61
1.67
1.79
1.62
1.82
1.67
1.53
1.73
1.89
2.02
1.85
1.70
1.78
1.65
1.56
1.56
1.50
1.41
1.30
1.37
1.34
1.52
1.62
1.45
1.63
1.58
1.47
1.40
1.28
1.35
1.25
1.35
1.19
1.25
1.22
1.14
1.08
1.06
1.01
1.24
1.17
1.40
1.15
1.35
1.47
1.48
1.48
1.62
1.60
1.81
1.87
1.73
1.64
1.68
1.64
1.42
1.51
1.40
1.55
1.21
1.42
1.45
1.47
1.50
1.66
1.76
1.74
1.37
1.36
1.33
1.39
1.54
1.46
1.41
1.40
1.26
1.59
1.34
1.55
1.58
1.38
1.51
1.68
1.67
1.50
1.29
1.61
1.46
1.65
1.93
1.78
1.99
2.12
1.94
2.15
2.32
2.23
2.22
2.22
2.02
2.28
2.15
2.47
2.20
2.16
1.91
1.82
1.92
1.56
1.46
1.58
1.42
1.70
1.62
1.68
1.59
1.53
1.49
1.35
1.27
1.47
1.52
1.53
1.68
1.64
1.58
1.60
1.85
1.66
1.67
1.67
1.63
1.77
1.77
1.75
1.86
1.96
1.83
2.21
2.51
2.59
2.31
2.36
2.35
2.41
2.40
2.64
2.14
2.03
1.94
1.85
1.84
1.81
1.99
2.15
1.82
2.04
2.40
1.98
1.86
1.99
1.76
1.80
2.11
1.80
1.74
1.76
1.77
2.02
1.78
1.59
1.73
1.68
1.72
1.70
1.56
1.43
1.46
1.68
1.52
1.45
1.45
1.33
1.65
1.75
1.82
2.02
1.85
1.93
2.07
1.90
1.59
1.71
1.73
1.74
1.65
1.37
1.50
1.73
1.68
1.64
1.43
1.28
1.35
1.57
1.65
1.59
1.80
1.70
1.60
1.60
1.64
1.47
1.43
1.46
1.50
1.43
1.48
1.77
1.46
1.71
1.83
1.62
1.88
2.15
2.15
2.11
1.79
1.81
1.44
1.53
1.72
1.57
1.49
1.55
1.45
1.43
1.32
1.40
1.17
1.46
1.41
1.14
1.14
1.12
1.02
1.05
1.08
1.33
1.27
1.51
1.73
1.37
1.72
1.72
1.91
1.78
1.80
1.50
1.55
1.82
1.66
1.57
1.38
1.58
1.51
1.57
1.68
1.79
1.87
1.72
1.70
1.73
1.94
1.86
1.57
1.58
1.68
1.72
1.65
1.69
1.80
1.73
1.75
1.56
1.83
1.67
1.69
1.60
1.74
1.52
1.74
1.40
1.58
1.46
1.33
1.44
1.53
1.58
1.56
1.46
1.53
1.82
1.62
1.51
1.93
1.97
1.91
1.89
1.86
2.16
2.19
2.19
2.13
1.95
2.18
2.02
1.99
1.71
1.79
1.92
1.97
2.05
1.88
1.96
1.89
2.33
2.16
2.17
1.88
1.64
1.53
1.61
1.58
1.63
1.29
1.39
1.40
1.20
1.32
1.56
1.56
1.39
1.30
1.50
1.46
1.61
1.55
1.48
1.51
1.65
1.72
1.44
1.62
1.51
1.21
1.51
1.57
1.38
1.70
1.84
1.65
1.63
1.56
1.46
1.30
1.38
1.47
1.45
1.26
1.29
1.04
1.10
1.73
1.65
1.40
1.26
1.50
1.53
1.52
1.40
1.33
1.27
1.18
1.16
1.17
1.18
1.07
1.14
1.23
1.17
1.30
1.16
1.26
1.15
1.24
1.21
1.14
1.17
1.32
1.20
1.22
1.26
1.34
1.29
1.36
1.21
1.33
1.13
1.30
1.43
1.21
1.05
1.03
1.21
1.27
1.43
1.33
1.21
1.44
1.50
1.42
1.01
1.09
1.13
1.04
1.24
1.11
1.50
1.44
1.39
1.17
1.34
1.17
1.05
1.52
1.75
1.66
1.81
1.61
1.55
1.50
1.16
1.31
1.34
1.56
1.46
1.21
1.47
1.53
1.33
1.62
1.64
1.50
1.32
1.17
1.22
1.34
1.23
1.12
1.37
1.10
1.38
1.40
1.33
1.34
1.26
1.19
1.18
1.23
1.37
1.55
1.27
1.56
1.77
1.89
1.48
1.55
1.39
1.68
