0.96
0.89
0.93
1.02
1.02
0.99
1.12
1.18
1.28
1.21
1.30
1.24
1.36
1.27
1.32
1.31
1.33
1.26
1.28
1.39
1.45
1.43
1.29
1.47
1.44
1.38
1.37
1.50
1.47
1.44
1.40
1.44
1.47
1.55
1.52
1.46
1.37
1.29
1.27
1.27
1.32
1.16
1.24
1.19
1.16
1.31
1.19
1.27
1.26
1.22
1.37
1.34
1.53
1.56
1.50
1.59
1.58
1.39
1.51
1.53
1.66
1.67
1.53
1.59
1.74
1.67
1.64
1.43
1.54
1.62
1.81
1.73
1.74
1.75
1.82
1.98
1.96
1.94
1.92
1.94
1.74
1.89
1.66
1.69
1.60
1.61
1.66
1.52
1.61
1.37
1.40
1.43
1.38
1.70
1.70
1.67
1.56
1.76
1.76
1.70
1.77
1.87
1.77
1.63
1.77
1.77
1.75
1.72
1.80
1.78
1.84
1.97
1.75
1.70
1.83
1.80
1.66
1.63
1.73
1.72
1.70
1.71
1.62
1.53
1.71
1.67
1.76
1.64
1.43
1.48
1.36
1.50
1.48
1.47
1.29
1.52
1.49
1.42
1.52
1.61
1.68
1.44
1.48
1.55
1.66
1.59
1.63
1.74
1.66
1.71
1.65
1.69
1.69
1.72
1.69
1.60
1.70
1.87
1.81
2.04
2.15
2.09
2.11
2.03
2.14
2.04
2.08
2.08
2.08
2.24
2.32
2.47
2.53
2.46
2.53
2.36
2.26
2.06
1.93
1.90
1.77
1.77
1.80
1.88
2.17
2.03
2.24
2.27
2.07
2.29
2.29
2.06
2.14
2.25
2.15
2.10
2.11
2.10
2.01
1.96
1.84
1.98
1.84
2.03
2.05
2.05
2.15
2.02
2.10
2.22
2.17
2.23
1.99
2.08
1.99
2.15
2.11
2.09
2.11
2.11
2.30
2.23
2.28
2.32
2.34
2.18
2.13
2.31
2.26
2.35
2.14
2.19
2.24
2.20
2.23
2.45
2.55
2.54
2.51
2.23
2.39
2.25
2.36
2.20
2.05
2.00
2.11
1.77
1.91
1.88
1.95
1.96
2.01
2.08
2.07
2.13
2.07
1.91
1.98
2.03
2.17
2.09
2.00
2.02
1.89
1.93
2.11
2.05
2.03
1.94
2.01
1.95
1.95
2.02
1.89
2.11
1.84
2.00
1.86
1.86
2.02
1.96
1.87
1.93
2.00
1.74
1.91
1.99
1.86
2.02
2.15
2.24
2.06
2.23
2.16
2.11
1.91
2.01
1.92
1.93
1.92
1.92
1.84
2.04
1.98
2.01
1.90
2.05
2.02
2.04
1.96
1.94
1.99
1.97
2.03
1.93
1.86
2.04
2.15
1.82
2.00
1.74
1.96
1.88
1.86
1.93
2.00
2.06
2.02
1.99
1.92
1.85
2.07
2.21
2.19
2.04
1.91
2.08
1.92
2.04
2.14
2.19
2.22
2.27
2.44
2.49
2.52
2.37
2.33
2.64
2.43
2.46
2.36
2.16
1.96
2.23
2.15
2.33
2.21
2.30
2.27
2.42
2.23
2.31
2.46
2.35
2.41
2.33
2.34
2.40
2.22
2.40
2.25
2.40
2.34
2.36
2.28
2.50
2.41
2.33
2.43
2.45
2.48
2.45
2.41
2.26
2.44
2.53
2.72
2.78
2.73
2.87
2.66
2.80
2.68
2.53
2.67
2.61
2.67
2.67
2.73
2.59
2.57
2.42
2.47
2.47
2.43
2.38
2.37
2.41
2.27
2.34
2.39
2.58
2.45
2.61
2.46
2.62
2.25
2.49
2.52
2.42
2.61
2.63
2.58
2.55
2.38
2.41
2.31
2.34
2.40
2.47
2.27
2.09
2.10
2.00
1.89
1.83
1.78
2.07
2.13
1.95
2.06
2.23
1.96
2.06
2.04
2.06
2.03
2.04
2.02
2.15
2.07
1.87
2.11
2.20
2.19
2.35
2.35
2.08
2.25
2.24
2.28
2.27
2.20
2.24
2.38
2.27
2.28
2.27
2.48
2.66
2.50
2.29
2.15
2.31
2.13
2.06
2.16
2.08
2.16
2.30
2.28
2.34
2.33
2.35
2.29
2.15
2.27
2.10
2.30
2.35
2.28
2.35
2.31
2.40
2.27
2.40
2.33
2.10
2.21
2.22
2.31
2.25
2.44
2.44
2.48
2.40
2.61
2.58
2.96
2.89
2.84
2.91
2.62
2.60
2.75
2.86
2.55
2.62
2.71
2.66
2.87
2.76
2.62
2.64
2.71
2.66
2.65
2.84
2.83
2.65
2.81
2.80
2.84
2.46
2.51
2.25
2.04
1.98
1.95
2.03
1.81
2.01
2.02
1.88
1.80
2.04
2.23
2.15
2.26
1.92
1.97
1.88
1.69
1.91
1.89
1.93
1.92
1.98
2.09
2.15
2.25
2.24
2.37
2.25
1.99
2.05
2.11
2.08
2.16
2.25
2.19
2.16
2.20
2.25
2.24
2.17
2.09
2.22
2.42
2.25
2.15
2.14
2.00
2.06
2.19
2.39
2.24
2.20
2.14
2.34
2.26
2.13
2.14
2.36
2.22
2.11
2.35
2.38
2.27
2.21
2.17
2.20
2.29
2.17
2.33
2.33
2.35
2.33
2.53
2.45
2.63
2.78
2.60
2.69
2.57
2.51
2.55
2.39
2.35
2.49
2.45
2.62
2.73
2.69
2.77
2.92
2.82
2.91
2.80
2.90
2.93
2.92
2.95
3.07
2.98
2.98
2.96
2.90
2.90
3.00
2.81
3.03
2.95
2.89
2.88
2.96
2.91
3.06
2.98
3.09
3.13
3.23
3.27
3.33
3.35
3.22
2.95
3.07
2.90
2.89
2.98
3.10
3.24
3.45
3.33
3.05
3.01
3.36
3.24
3.24
3.12
3.20
3.51
3.44
3.37
3.29
3.02
3.36
3.34
3.44
3.35
3.52
3.41
3.39
3.27
3.11
2.98
3.14
3.08
3.08
3.13
3.02
3.02
3.01
2.97
3.06
3.15
3.17
3.21
3.19
3.22
3.13
3.02
3.15
3.14
3.28
3.14
3.27
3.21
3.02
3.04
2.98
3.12
3.01
3.23
3.13
3.01
3.11
3.19
3.20
3.20
2.97
3.04
3.15
2.90
3.07
3.09
2.99
3.02
2.95
3.03
2.92
3.09
3.01
2.93
3.07
3.16
3.28
3.05
3.10
2.91
3.00
3.10
2.98
3.06
2.91
2.83
3.15
3.03
3.17
3.22
3.01
2.92
3.05
2.76
2.94
2.67
2.75
2.79
2.63
3.00
2.88
2.81
3.09
3.00
3.14
3.02
2.88
2.96
2.81
2.62
2.92
2.80
2.85
2.84
2.71
2.88
2.77
2.83
2.75
2.81
2.81
2.72
2.90
2.76
2.81
2.96
2.95
2.99
3.09
2.90
3.11
3.30
2.71
2.74
2.68
2.66
2.72
2.63
2.59
2.59
2.59
2.64
2.66
2.76
2.82
2.95
2.75
2.64
2.59
2.92
3.00
3.17
2.99
3.26
3.35
3.46
3.24
3.20
3.28
3.17
3.28
3.24
3.36
3.33
3.21
3.43
3.35
3.16
3.28
3.16
3.16
3.31
3.39
3.33
3.21
3.31
3.32
3.32
3.30
3.31
3.29
3.38
3.40
3.64
3.48
3.44
3.45
3.42
3.45
3.23
3.11
3.15
3.22
3.04
3.23
3.15
3.19
3.20
3.12
3.02
2.96
3.08
2.78
2.75
2.95
2.85
2.74
2.93
2.74
2.92
3.10
3.08
2.90
3.11
3.12
3.04
3.20
3.00
2.91
2.93
3.13
3.13
3.09
3.15
3.10
3.05
3.09
3.07
2.97
2.93
3.06
2.99
2.90
3.06
3.19
3.10
3.09
3.07
3.05
3.13
3.00
3.16
3.29
3.33
3.35
3.35
3.27
3.51
3.59
3.69
3.65
3.55
3.61
3.61
3.30
3.29
3.39
3.35
3.30
3.31
3.40
3.32
3.38
3.51
3.52
3.36
3.37
3.40
3.53
3.54
3.46
3.41
3.47
3.57
3.67
3.64
3.55
3.59
3.39
3.33
3.36
3.57
3.32
3.40
3.33
3.39
3.18
3.29
3.28
3.27
3.37
3.27
3.36
3.40
3.27
3.30
3.37
3.32
3.02
3.16
3.15
3.26
3.22
3.36
3.32
3.13
3.24
3.32
3.24
3.32
3.32
3.33
3.20
3.17
3.29
3.40
3.43
3.41
3.58
3.34
3.39
3.31
3.42
3.63
3.60
3.48
3.58
3.42
3.37
3.37
3.33
3.26
3.40
3.58
3.41
3.50
3.57
3.65
3.40
3.59
3.54
3.57
3.49
3.58
3.58
3.58
3.63
3.55
3.58
3.43
3.39
3.45
3.39
3.41
3.32
3.45
3.35
3.19
3.36
3.19
3.12
3.02
3.14
3.18
3.14
2.96
2.95
2.93
3.03
3.21
3.21
3.31
3.38
3.33
3.34
3.32
3.24
3.35
3.38
3.26
3.38
3.28
3.23
3.06
3.10
3.06
3.22
3.09
2.94
2.94
2.97
3.02
3.14
3.09
3.11
3.02
2.89
3.22
3.24
3.35
3.19
3.27
3.27
3.36
3.35
3.16
3.24
3.09
2.95
2.92
3.10
3.15
3.21
3.11
3.13
3.05
2.92
2.95
2.94
3.06
3.07
3.12
3.11
3.35
3.35
3.30
3.46
3.40
3.47
3.57
3.42
3.41
3.33
3.32
3.36
3.36
3.43
3.55
3.52
3.55
3.65
3.47
3.47
3.52
3.71
3.66
3.77
3.64
3.59
3.62
3.77
3.78
3.69
3.72
3.53
3.56
3.65
3.75
3.69
3.69
3.62
3.42
3.51
3.45
3.39
3.15
3.24
3.29
3.27
3.31
3.26
3.07
3.28
3.35
3.36
3.42
3.42
3.38
3.44
3.43
3.27
3.28
3.36
3.38
3.29
3.35
3.39
3.34
3.35
3.48
3.29
3.38
3.36
3.18
3.10
3.22
3.09
3.10
3.14
3.30
3.20
3.20
2.91
3.07
2.81
3.01
2.79
2.94
2.98
2.99
3.22
3.14
3.31
3.49
3.30
3.26
3.30
3.35
3.56
3.57
3.48
3.39
3.50
3.58
3.78
3.62
3.64
3.62
3.65
3.39
3.33
3.34
3.41
3.34
3.28
3.33
3.43
3.40
3.58
3.47
3.30
3.26
3.31
3.49
3.26
3.22
3.27
3.30
3.48
3.20
3.13
2.91
2.87
2.95
3.11
3.00
3.01
3.03
3.14
3.27
3.23
3.01
2.97
3.09
3.25
3.14
3.22
3.21
3.00
3.15
3.07
3.14
3.21
3.16
3.24
3.20
3.34
3.30
3.08
3.05
2.98
3.05
2.80
2.85
2.72
2.95
3.29
3.02
3.08
3.17
3.10
3.17
3.15
3.25
3.24
3.31
3.37
3.29
3.16
3.30
3.56
3.59
3.38
3.42
3.55
3.48
3.50
3.44
3.30
3.31
3.32
3.28
3.20
3.17
3.22
3.28
3.22
3.02
3.01
2.97
2.97
3.09
3.00
2.93
3.11
3.13
3.07
2.96
3.15
3.11
3.11
3.22
3.38
3.40
3.48
3.85
3.60
3.60
3.61
3.73
3.66
3.85
3.77
3.70
3.77
3.64
3.71
3.63
3.54
3.50
3.37
3.40
3.33
3.34
3.47
3.55
3.58
3.51
3.43
3.20
3.09
3.14
3.25
3.23
3.11
3.13
3.18
3.38
3.32
3.34
3.28
3.24
3.42
3.27
3.33
3.26
3.18
3.33
3.37
3.28
3.38
3.32
3.29
3.14
3.23
3.36
3.48
3.58
3.43
3.47
3.66
3.51
3.48
3.47
3.42
3.48
3.38
3.24
3.35
3.19
3.23
3.33
3.34
3.30
3.44
3.12
3.22
3.17
3.07
3.31
3.17
3.19
3.20
3.16
3.11
3.16
3.23
3.27
3.24
3.17
3.21
3.12
3.09
3.25
3.30
3.12
3.07
3.04
3.15
3.04
2.97
2.90
3.01
3.03
2.91
3.15
3.09
3.22
3.09
3.39
3.25
3.20
3.26
3.21
3.16
3.27
3.34
3.28
3.16
3.15
3.06
3.15
3.17
3.27
3.02
3.09
2.99
3.08
3.18
3.15
3.22
3.14
3.45
3.31
3.11
3.05
3.02
3.11
3.18
3.13
3.15
3.19
3.16
3.13
3.09
3.21
3.12
3.13
3.10
3.23
3.20
3.17
3.34
3.03
3.06
3.04
3.09
3.08
2.96
2.74
2.88
2.81
2.93
2.89
2.86
2.90
2.96
2.94
3.01
3.06
3.13
3.23
3.08
3.02
3.04
3.10
3.21
3.06
3.03
2.96
2.89
2.94
3.01
2.87
3.03
3.08
2.86
2.79
2.88
2.86
2.89
2.93
2.83
2.96
2.94
2.88
2.94
2.96
2.89
2.84
2.78
2.72
2.67
2.78
2.80
2.77
2.67
2.71
2.46
2.64
2.50
2.43
2.48
2.49
2.47
2.52
2.48
2.67
2.61
2.75
2.61
2.74
2.69
2.81
2.86
2.68
2.64
2.68
2.63
2.79
2.82
2.75
2.69
2.87
2.91
3.05
3.05
3.03
2.90
2.94
2.81
2.97
2.95
2.86
2.89
2.95
2.82
3.04
3.01
2.97
2.97
2.86
2.89
2.97
2.97
3.06
2.86
3.37
3.23
3.22
3.09
3.01
2.89
2.93
2.82
3.02
2.99
3.17
3.09
3.09
2.94
2.90
2.94
3.00
3.02
3.17
3.15
3.11
3.16
3.10
3.14
3.08
2.97
3.04
3.14
3.07
3.14
3.00
2.96
3.20
3.25
3.23
3.10
3.03
3.18
3.20
3.28
3.24
3.32
3.47
3.45
3.34
3.34
3.18
3.28
3.18
3.32
3.44
3.23
3.34
3.26
3.40
3.41
3.61
3.80
3.66
3.75
3.88
3.76
3.65
3.57
3.58
3.65
3.53
3.66
3.68
3.69
3.77
3.68
3.64
3.53
3.66
3.83
3.74
3.65
3.66
3.60
3.62
3.58
3.38
3.28
3.49
3.35
3.38
3.22
3.24
3.55
3.49
3.45
3.46
3.33
3.55
3.64
3.50
3.69
3.59
3.68
3.66
3.74
3.67
3.61
3.67
3.69
3.62
3.65
3.53
3.53
3.55
3.52
3.51
3.51
3.56
3.42
3.25
3.39
3.51
3.43
3.46
3.53
3.68
3.66
3.50
3.42
3.34
3.27
3.36
3.41
3.36
3.41
3.42
3.57
3.56
3.42
3.50
3.40
3.54
3.55
3.51
3.31
3.26
3.32
3.19
3.35
3.20
3.19
3.29
3.43
3.44
3.22
3.44
3.35
3.33
3.38
3.39
3.33
3.38
3.36
3.34
3.46
3.46
3.47
3.28
3.12
3.19
3.11
3.07
2.92
2.94
3.01
3.15
3.16
3.13
3.02
3.17
3.11
3.08
3.35
3.26
3.24
3.27
3.23
3.19
3.17
3.15
3.14
3.24
3.17
3.03
3.09
3.19
3.23
3.01
3.15
3.27
3.26
3.23
3.11
3.28
3.09
3.18
3.22
3.33
3.23
3.15
3.20
3.38
3.17
3.19
3.21
3.28
3.05
3.16
3.27
3.21
3.18
3.40
3.15
3.31
3.38
3.43
3.27
3.35
3.45
3.40
3.43
3.28
3.13
3.12
3.10
3.14
3.24
3.23
3.07
3.16
3.19
3.33
3.32
3.13
3.28
3.15
3.18
3.17
3.14
3.20
3.23
3.17
3.32
3.33
3.16
3.22
3.17
3.20
3.22
3.16
3.08
2.96
3.00
3.00
3.01
2.96
3.01
3.01
3.13
2.96
3.05
3.11
3.08
3.02
3.04
2.98
2.96
2.91
3.19
3.02
3.05
3.25
3.22
3.33
3.17
3.45
3.13
3.08
2.90
2.86
2.81
2.86
2.95
2.99
3.09
3.12
3.02
3.06
3.04
3.20
3.20
2.94
3.00
3.01
3.00
3.00
2.92
2.93
2.97
2.90
2.87
2.96
2.87
2.89
2.78
2.74
2.74
2.83
2.74
2.77
2.68
2.80
2.78
2.92
2.81
2.74
2.71
2.72
2.76
2.81
2.76
2.65
2.69
2.85
2.90
2.87
2.78
2.79
2.75
2.80
2.86
2.73
2.64
2.75
2.80
2.88
2.75
2.97
3.06
3.08
3.02
2.98
2.88
2.98
3.11
3.14
3.09
3.04
3.01
3.06
3.10
3.15
2.89
2.90
2.99
2.88
2.87
2.92
2.98
3.08
2.96
2.91
2.98
3.08
3.07
2.95
2.93
2.87
2.93
2.91
3.03
3.08
3.06
3.05
3.03
3.11
3.22
3.05
3.10
3.10
3.09
3.05
2.97
3.00
3.02
3.23
3.14
3.09
3.08
3.11
3.03
2.97
3.05
3.09
3.16
3.14
3.08
2.95
3.02
2.92
2.92
3.12
3.28
3.10
3.09
3.06
3.05
3.08
2.94
2.99
3.04
2.97
3.01
2.91
2.86
3.02
3.00
2.96
2.99
2.98
3.07
3.04
2.94
3.04
3.01
2.91
3.14
3.00
3.10
2.93
2.91
2.98
3.08
3.06
3.04
3.00
3.04
3.21
3.18
3.12
3.05
3.03
3.15
3.21
3.13
3.11
2.97
2.97
2.97
2.93
3.01
2.94
2.95
2.96
2.96
2.86
2.93
2.97
2.87
2.76
2.81
2.89
2.86
3.00
2.96
3.07
3.16
3.03
3.03
3.01
3.11
3.16
3.09
2.99
2.88
3.00
3.04
3.14
3.00
3.05
2.96
3.11
3.08
3.04
2.82
2.90
2.97
2.89
2.83
2.94
3.00
2.89
2.93
3.00
2.78
2.93
2.84
2.80
2.84
2.91
2.96
2.98
2.94
3.01
2.93
2.89
2.96
2.84
3.10
3.05
3.12
3.14
2.97
2.95
2.89
3.00
3.07
2.91
3.07
3.17
3.06
3.04
2.97
3.03
2.96
3.03
3.08
3.11
3.13
3.09
3.08
2.94
2.97
2.98
2.90
3.06
2.94
2.97
3.02
3.01
2.91
2.89
2.95
2.92
3.13
2.97
3.14
3.18
3.19
3.13
3.35
3.17
3.26
3.27
3.17
3.10
3.23
3.21
3.07
3.19
3.28
3.24
3.30
3.25
3.28
3.22
3.38
3.23
3.24
3.25
3.17
3.06
3.09
3.05
3.26
3.11
3.03
3.12
3.00
3.08
2.95
2.87
2.85
3.00
2.93
2.92
3.08
2.92
2.89
3.03
2.91
2.90
2.90
3.02
2.91
3.03
3.13
2.97
3.13
2.99
3.07
2.90
3.17
3.00
3.15
3.11
3.16
3.13
3.23
3.18
3.27
3.13
3.27
3.15
3.17
3.30
3.28
3.13
3.09
3.23
3.13
3.05
2.94
2.96
3.06
3.09
3.08
3.19
3.06
3.07
2.98
3.11
2.96
3.03
3.01
3.13
3.00
2.93
2.82
2.81
2.96
2.80
2.89
3.12
2.98
3.24
3.09
3.00
3.04
2.80
2.82
2.89
2.93
2.80
2.92
3.03
2.88
2.77
2.80
2.97
3.18
2.89
2.86
2.99
2.96
2.99
3.03
2.96
3.12
3.14
3.14
3.28
3.26
3.26
3.48
3.28
3.28
3.49
3.53
3.54
3.46
3.34
3.52
3.42
3.49
3.40
3.36
3.55
3.40
3.25
3.35
3.20
2.96
2.89
3.00
2.93
2.91
2.96
2.86
2.84
2.87
2.82
2.86
2.82
3.06
2.94
2.68
2.76
3.02
2.89
2.94
3.26
3.17
3.14
2.95
3.16
2.96
2.98
2.92
2.89
3.04
2.93
2.86
3.10
2.98
3.05
3.18
3.12
3.18
3.12
3.07
2.99
3.05
2.96
2.98
3.20
3.10
3.00
2.94
2.91
3.03
3.04
3.25
3.25
3.26
3.30
3.21
3.39
3.31
3.17
3.13
3.27
3.12
3.08
3.26
3.18
3.31
3.30
3.37
3.25
3.35
3.29
3.42
3.50
3.47
3.43
3.48
3.52
3.42
3.51
3.50
3.56
3.50
3.62
3.67
3.87
3.74
3.87
3.71
3.84
3.56
3.38
3.48
3.41
3.46
3.49
3.68
3.56
3.49
3.44
3.40
3.38
3.29
3.33
3.39
3.45
3.30
3.44
3.41
3.22
3.16
3.22
3.22
3.24
3.11
3.03
3.13
3.07
3.22
3.05
3.09
3.04
2.95
2.81
3.04
2.92
3.04
2.98
2.86
2.94
2.91
2.89
2.84
2.95
3.01
3.06
3.05
2.99
2.82
2.89
2.89
2.97
2.92
2.99
2.85
2.70
2.78
2.81
2.77
2.74
2.85
2.74
2.83
2.81
2.98
2.86
2.92
2.88
3.00
2.94
3.00
3.03
3.14
3.08
3.19
3.00
2.98
3.00
2.91
3.00
3.11
3.06
2.97
3.11
3.06
3.05
3.21
3.11
3.17
3.09
3.24
3.42
3.42
3.26
3.09
3.25
3.30
3.17
3.16
3.18
3.27
3.40
3.55
3.32
3.37
3.37
3.41
3.66
3.49
3.35
3.58
3.43
3.50
3.47
3.49
3.63
3.49
3.65
3.24
3.39
3.10
3.32
3.21
3.52
3.63
3.58
3.44
3.49
3.41
3.30
3.14
3.31
3.08
2.99
3.03
2.90
2.85
2.91
2.99
3.12
3.07
3.04
2.96
2.82
2.81
2.90
3.03
3.05
3.05
2.98
3.04
3.08
3.01
3.29
3.27
3.22
3.34
3.32
3.28
3.38
3.57
3.50
3.48
3.59
3.46
3.40
3.52
3.64
3.58
3.37
3.49
3.51
3.50
3.54
3.56
3.40
3.51
3.44
3.40
3.34
3.40
3.49
3.47
3.59
3.70
3.81
3.85
3.82
3.93
3.94
3.92
3.94
3.85
3.95
3.82
4.11
3.99
4.13
4.14
4.05
4.19
3.91
4.05
3.91
3.82
3.88
3.78
3.81
3.88
3.77
3.77
3.88
3.81
3.92
4.08
3.89
3.84
4.01
4.01
4.04
4.02
3.89
3.94
4.01
4.01
3.87
4.08
4.06
3.97
4.05
4.03
4.00
3.92
3.87
3.92
3.94
3.90
3.95
3.95
3.61
3.89
4.02
4.02
3.86
3.99
4.07
4.03
3.85
3.82
3.68
3.59
3.59
3.61
3.78
3.95
4.32
4.15
4.20
4.12
3.98
4.08
4.10
3.80
3.93
3.87
3.98
4.01
3.74
3.84
3.76
3.74
3.70
3.77
3.78
4.10
3.93
3.90
3.81
3.82
3.88
3.85
3.87
3.87
4.06
4.03
3.96
4.08
3.93
4.10
4.09
4.20
4.17
4.22
4.35
4.21
4.06
4.14
4.17
3.95
3.95
3.86
3.77
3.83
3.76
4.05
3.97
4.09
3.98
3.99
4.01
4.04
3.93
3.80
4.06
4.03
4.05
4.12
4.04
4.02
3.98
3.87
4.09
4.06
3.98
3.82
3.96
3.96
3.83
3.69
3.89
3.66
3.75
3.91
4.17
4.18
4.19
4.13
4.28
4.21
4.22
4.25
4.19
4.17
4.35
4.55
4.67
4.46
4.37
4.23
4.23
4.48
4.29
4.11
4.31
4.33
4.35
4.38
4.45
4.47
4.34
4.14
4.20
4.28
4.20
4.14
3.88
3.96
4.09
4.04
4.31
4.10
4.02
4.02
4.13
4.11
4.11
4.09
4.21
4.09
4.04
3.94
3.92
3.94
4.05
3.84
4.04
4.00
3.97
4.04
3.96
3.96
4.07
4.04
4.06
4.04
4.02
3.96
4.08
4.16
4.13
4.24
4.23
4.21
4.30
4.31
4.35
4.35
4.29
4.12
4.10
4.30
4.36
4.30
4.35
4.13
4.25
4.08
4.15
4.48
4.37
4.22
4.23
4.18
4.36
4.21
4.33
4.15
4.22
4.15
4.09
4.19
4.41
4.44
4.30
4.24
4.33
4.22
4.21
4.30
4.19
4.11
4.13
4.40
4.28
4.27
4.36
4.39
4.50
4.17
4.04
4.11
4.30
4.27
4.26
4.23
4.09
4.23
4.30
4.50
4.70
4.21
4.20
4.23
4.07
4.02
3.94
3.94
3.96
3.96
3.69
3.78
3.74
3.76
3.91
3.79
4.08
3.90
3.81
4.04
4.04
4.21
4.13
4.37
4.26
4.38
4.50
4.11
4.24
4.32
4.15
4.02
4.14
4.27
4.17
4.23
4.31
4.30
4.42
4.43
4.40
4.32
4.32
4.35
4.32
4.60
4.46
4.59
4.63
4.60
4.75
4.58
4.51
4.40
4.38
4.43
4.47
4.55
4.35
4.52
4.53
4.57
4.56
4.29
4.49
4.38
4.61
4.46
4.51
4.70
4.69
4.71
4.58
4.47
4.49
4.29
4.39
4.36
4.32
4.11
4.24
4.27
4.24
4.16
4.41
4.30
4.31
4.16
4.12
4.39
4.15
3.80
3.98
4.07
3.96
3.98
3.98
3.99
4.01
3.87
3.86
3.97
4.17
4.05
4.05
4.09
3.77
3.92
3.82
3.74
3.68
3.76
3.68
3.83
3.83
3.85
3.76
3.88
3.71
3.97
4.10
3.96
4.09
3.97
3.95
4.07
4.15
4.07
3.81
3.92
3.99
3.82
3.84
4.03
4.18
4.19
4.18
3.99
4.26
4.22
4.38
4.45
4.54
4.67
4.68
4.60
4.63
4.56
4.70
4.58
4.64
4.57
4.53
4.53
4.35
4.20
4.48
4.42
4.47
4.55
4.47
4.58
4.59
4.53
4.72
4.64
4.68
4.55
4.45
4.57
4.47
4.42
4.31
4.28
4.42
4.72
4.65
4.89
4.80
4.86
4.54
4.50
4.51
4.39
4.38
4.76
4.47
4.44
4.32
4.33
4.47
4.46
4.42
4.35
4.25
4.30
4.34
4.40
4.61
4.56
4.46
4.62
4.50
4.29
4.39
4.29
4.19
4.41
4.47
4.42
4.32
4.29
4.28
4.12
4.31
4.24
4.38
4.54
4.41
4.41
4.36
4.44
4.20
4.23
4.20
4.25
4.17
4.31
4.40
4.13
4.24
4.19
4.08
4.29
4.26
4.24
4.38
4.41
4.41
4.36
4.35
4.57
4.58
4.62
4.66
4.42
4.56
4.64
4.60
4.36
4.41
4.43
4.35
4.39
4.22
4.35
4.47
4.35
4.35
4.21
4.49
4.68
4.48
4.53
4.42
4.60
4.44
4.50
4.49
4.49
4.51
4.69
4.58
4.54
4.51
4.61
4.48
4.63
4.70
4.65
4.52
4.62
4.43
4.50
4.45
4.44
4.49
4.50
4.46
4.54
4.41
4.43
4.38
4.45
4.36
4.37
4.23
4.29
4.26
4.32
4.26
4.32
4.14
4.09
4.21
4.21
4.46
4.32
4.53
4.40
4.44
4.47
4.39
4.45
4.60
4.32
4.58
4.64
4.54
4.72
4.47
4.47
4.40
4.46
4.53
4.46
4.34
4.38
4.21
4.31
4.44
4.59
4.41
4.30
4.41
4.34
4.23
4.42
4.44
4.52
4.43
4.52
4.55
4.44
4.41
4.50
4.57
4.36
4.45
4.45
4.49
4.37
4.34
4.59
4.56
4.39
4.56
4.36
4.39
4.27
4.24
4.42
4.31
4.40
4.38
4.26
4.13
4.02
4.17
4.21
4.03
4.03
4.04
3.88
3.97
4.10
4.32
4.07
4.10
4.10
4.02
3.96
4.16
4.11
4.18
4.36
4.37
4.21
4.31
4.10
4.20
4.19
4.49
4.48
4.59
4.41
4.32
4.43
4.40
4.28
4.07
3.89
3.84
3.86
3.95
4.03
3.91
4.08
3.79
3.86
3.97
3.94
4.14
4.00
4.33
4.23
4.47
4.32
4.26
4.32
4.34
4.28
4.31
4.34
4.25
4.15
4.04
4.22
4.20
4.08
4.33
4.26
4.24
4.07
3.95
3.88
4.08
4.04
4.13
4.12
4.12
3.91
3.92
3.90
3.98
3.99
3.92
3.97
3.95
3.94
4.06
4.13
4.05
3.99
3.98
3.96
3.74
3.97
4.05
3.96
3.92
3.93
3.98
3.81
4.00
4.03
4.11
4.15
4.09
4.05
4.01
3.92
4.01
3.96
3.94
4.10
3.96
4.01
3.89
3.79
3.95
3.91
4.09
4.00
3.78
3.81
3.82
3.82
3.80
3.73
3.63
3.88
3.81
3.82
3.72
3.98
3.94
3.90
3.99
3.84
3.87
3.98
3.89
3.90
3.97
3.90
3.92
3.86
3.97
4.11
4.04
4.12
3.96
4.03
4.00
3.93
4.26
4.19
4.25
4.24
4.04
4.07
4.19
4.06
3.96
3.74
3.76
3.73
3.73
3.82
3.73
3.79
3.73
3.84
3.76
3.79
3.95
3.82
3.98
3.87
3.81
3.80
3.67
3.75
3.85
3.79
3.78
3.87
3.78
3.74
3.74
3.79
3.88
3.89
3.91
3.90
3.94
3.89
3.80
3.77
3.84
3.82
3.93
3.89
3.95
3.93
4.01
3.97
3.89
4.11
4.01
3.90
3.96
3.96
3.77
3.86
4.03
3.78
3.86
3.87
3.97
3.94
3.77
3.94
3.98
3.89
4.27
3.91
3.94
3.81
3.87
4.00
3.86
3.78
3.74
3.87
3.69
3.82
3.82
3.89
3.75
3.99
3.92
3.69
3.76
3.75
3.86
3.73
3.88
3.73
3.93
3.77
3.81
3.84
3.80
3.94
3.96
3.91
3.78
3.99
4.00
3.91
3.84
3.98
4.00
3.85
3.76
3.77
4.05
3.98
3.93
4.06
4.21
4.10
4.15
3.81
3.70
3.82
3.78
3.79
3.75
3.74
3.69
3.78
3.78
3.75
3.60
3.55
3.45
3.62
3.72
3.63
3.71
3.72
3.73
3.98
3.89
4.08
4.01
4.06
4.16
4.04
4.16
4.01
4.11
3.93
4.12
3.92
4.01
4.16
4.17
4.08
4.03
3.91
4.15
4.14
4.01
4.06
4.04
3.97
4.04
3.96
4.02
4.02
4.27
4.07
4.13
4.33
4.42
4.31
4.34
4.32
4.41
4.45
4.29
4.35
4.13
4.30
4.19
4.09
4.04
4.12
4.25
4.33
4.19
3.92
4.14
4.02
4.00
4.21
4.22
4.38
4.36
4.45
4.67
4.55
4.38
4.35
4.39
4.28
4.22
4.27
4.22
4.09
4.12
4.21
4.23
4.11
4.15
3.89
4.06
3.97
3.96
3.90
3.90
3.91
3.94
4.01
4.08
4.18
3.90
3.96
4.12
4.15
4.19
3.97
4.09
3.97
3.96
3.94
3.71
3.82
3.88
3.90
3.94
3.75
3.66
3.79
3.73
3.90
3.84
3.96
3.81
4.00
3.97
3.96
4.05
3.89
3.98
4.17
3.99
3.95
3.94
4.03
3.94
4.02
3.93
3.85
3.86
3.56
3.74
3.73
3.87
3.68
3.82
3.96
4.07
4.01
4.16
4.14
4.06
4.02
4.08
3.98
3.90
4.03
3.94
3.93
3.87
4.03
4.21
4.24
4.18
4.21
4.07
4.13
3.91
4.03
4.10
4.04
4.04
3.94
3.69
3.84
3.83
3.89
3.94
4.11
4.15
4.36
4.34
4.34
4.10
4.10
4.24
4.21
4.02
4.05
4.17
4.16
4.17
4.00
3.97
3.87
3.93
3.93
4.10
4.04
4.15
4.14
4.16
4.18
4.17
4.04
4.14
3.96
4.27
4.21
4.05
4.03
3.98
3.91
3.94
3.95
4.00
4.03
3.92
3.99
3.98
3.80
3.64
3.70
3.66
3.79
3.78
3.90
4.00
4.11
4.02
3.88
4.03
3.88
3.78
3.84
3.71
3.75
3.76
3.84
3.72
3.93
3.88
3.73
3.89
4.01
3.87
3.62
3.82
3.76
3.92
3.76
3.83
3.85
4.01
3.91
3.88
4.03
3.86
3.80
3.82
3.82
3.57
3.50
3.65
3.94
3.66
3.70
3.74
3.73
3.68
3.68
3.82
3.84
3.74
3.76
3.84
3.74
3.92
3.83
3.93
3.95
3.86
4.05
4.02
3.87
3.62
3.61
3.88
3.88
4.12
3.96
3.87
4.00
3.80
3.89
3.99
4.00
4.16
3.95
4.12
3.92
3.70
3.80
3.84
3.90
3.99
3.92
3.80
3.73
3.68
3.92
3.86
3.97
3.65
3.69
3.87
3.90
3.84
3.89
3.74
3.81
3.62
3.89
3.81
3.68
3.67
3.67
3.74
3.79
3.73
3.54
3.64
3.74
3.78
3.78
3.80
3.77
3.85
3.97
3.82
3.71
3.63
3.65
3.73
3.62
3.77
3.71
3.53
3.52
3.66
3.62
3.46
3.60
3.61
3.73
3.77
3.73
3.83
3.72
3.77
3.81
3.75
3.89
3.98
4.20
4.24
4.08
3.97
4.08
3.98
4.12
4.03
3.91
3.85
4.14
4.06
4.06
3.87
3.99
4.08
3.79
3.96
3.88
3.84
3.78
3.74
3.70
3.55
3.74
3.78
3.76
3.77
3.77
3.86
3.81
3.65
3.62
3.65
3.65
3.30
3.36
3.39
3.23
3.06
3.33
3.36
3.32
3.26
3.33
3.43
3.28
3.13
3.36
3.57
3.64
3.46
3.47
3.52
3.34
3.56
3.52
3.55
3.51
3.53
3.66
3.70
3.75
3.52
3.45
3.62
3.53
3.50
3.74
3.67
3.49
3.57
3.56
3.38
3.19
3.26
3.50
3.40
3.43
3.26
3.34
3.40
3.55
3.60
3.64
3.71
3.65
3.64
3.78
3.77
3.58
3.70
3.59
3.72
3.83
3.88
3.95
3.95
3.82
3.79
4.11
3.94
3.92
3.97
3.89
3.82
3.94
3.99
3.80
3.93
4.06
3.90
4.03
4.10
3.95
4.22
4.03
3.94
4.06
4.04
3.94
3.76
3.88
3.92
3.95
3.96
3.99
3.96
3.86
3.79
3.85
3.87
4.03
4.04
4.05
4.13
4.06
3.99
3.97
4.18
3.94
3.95
4.01
3.95
3.93
3.92
3.70
3.81
3.74
3.80
4.11
3.97
3.98
3.86
3.98
4.15
4.08
4.19
4.12
4.19
4.15
4.02
4.06
4.08
4.18
4.24
3.87
4.10
4.05
4.16
4.05
4.02
4.18
4.19
4.31
4.32
4.30
4.32
4.30
4.42
4.33
4.28
4.43
4.49
4.53
4.32
4.25
4.32
4.31
4.45
4.40
4.34
4.48
4.38
4.47
4.16
4.27
4.40
4.42
4.43
4.28
4.29
4.34
4.25
4.35
4.34
4.27
4.10
4.18
4.11
4.25
4.19
4.33
4.17
4.09
4.16
4.13
4.16
4.24
4.33
4.21
4.31
4.07
4.03
3.96
3.90
3.68
3.83
3.62
3.76
3.81
3.78
3.75
3.83
3.70
3.84
3.85
3.88
3.80
3.86
3.80
3.80
4.07
3.96
4.06
3.92
3.85
3.75
3.59
3.66
3.69
3.73
3.80
3.81
3.78
3.71
3.69
3.73
3.78
3.76
3.66
3.60
3.69
3.76
3.94
3.82
3.74
3.89
3.95
4.01
4.07
4.03
3.92
4.02
4.12
4.15
4.12
4.15
4.09
4.40
4.18
4.30
4.15
4.19
3.96
4.25
4.28
4.39
4.33
4.10
4.19
4.20
4.06
4.20
4.29
4.31
4.44
4.47
4.25
4.31
4.32
4.12
4.29
4.12
4.16
4.20
3.94
4.02
4.06
3.90
4.07
3.91
3.91
3.95
3.92
3.65
3.54
3.57
3.77
3.79
3.90
3.97
3.97
3.90
3.73
3.74
3.72
3.84
3.70
3.93
3.78
3.87
4.10
4.04
3.97
4.01
3.94
3.86
4.07
4.15
4.43
4.38
4.40
4.34
4.21
4.28
4.35
4.46
4.34
4.37
4.55
4.53
4.71
4.51
4.46
4.19
4.23
4.29
4.25
4.27
4.17
3.93
4.03
4.08
4.10
4.03
4.08
4.09
4.12
4.01
4.06
4.05
4.05
3.97
4.03
4.10
3.96
3.97
4.02
3.98
3.78
3.85
3.93
3.69
3.73
3.83
3.83
3.56
3.60
3.65
3.42
3.59
3.55
3.70
3.61
3.62
3.67
3.83
3.71
3.88
3.88
3.95
3.75
4.00
4.07
4.03
3.91
4.03
4.06
4.20
4.24
4.27
4.15
4.04
4.25
4.19
4.24
3.94
4.06
4.43
4.28
4.42
4.19
4.32
4.33
4.34
4.19
4.11
4.11
4.06
4.17
4.21
4.37
4.35
4.64
4.58
4.50
4.26
4.12
4.11
4.27
4.22
4.34
4.22
4.01
4.05
4.17
4.20
4.22
4.29
4.31
4.35
4.20
3.89
3.69
3.58
3.59
3.83
3.50
3.50
3.52
3.88
3.87
4.05
4.01
3.89
3.89
3.85
3.91
4.10
4.25
4.13
4.09
4.02
3.83
3.91
3.84
3.89
3.98
3.99
3.99
3.98
3.84
4.05
4.03
3.96
4.06
4.05
3.90
3.99
3.97
4.09
3.97
3.84
3.90
4.02
3.87
3.99
4.12
3.95
3.90
3.89
3.79
3.87
3.88
3.86
3.89
3.88
3.97
4.01
3.90
3.85
3.99
3.80
3.83
3.75
3.78
3.65
3.59
3.75
3.69
3.69
3.58
3.65
3.75
3.63
3.57
3.67
3.65
3.92
3.70
3.82
3.83
3.93
3.83
4.00
4.11
4.15
4.21
4.12
4.04
4.10
4.27
4.32
4.36
4.20
4.32
4.13
4.03
4.15
4.21
4.19
4.29
3.98
3.91
4.01
4.11
4.08
4.02
4.01
4.13
4.13
4.09
4.01
4.11
4.22
4.12
4.03
4.06
4.04
4.01
3.95
4.08
4.19
4.34
4.36
4.32
4.09
4.04
4.14
4.13
4.08
4.07
3.70
4.00
4.08
4.15
4.15
4.05
4.03
3.94
3.84
3.96
3.98
4.20
4.10
4.02
4.17
4.09
4.04
3.82
3.86
3.78
3.73
3.60
3.77
3.79
3.67
3.83
3.90
3.80
3.91
3.95
3.83
3.97
4.01
3.99
3.97
4.07
4.00
4.06
4.10
4.20
3.95
3.97
4.06
3.99
3.95
3.97
3.62
3.70
3.96
4.00
3.92
3.90
3.82
3.72
3.80
3.83
3.99
3.98
3.99
3.91
4.07
3.99
4.01
4.08
4.19
4.20
3.97
3.95
3.96
4.10
4.13
4.01
4.22
4.01
4.18
4.23
4.15
4.18
4.21
4.11
4.21
4.16
4.33
4.15
4.27
4.30
4.16
4.19
4.10
4.14
4.22
4.16
4.28
4.12
4.14
3.91
3.99
3.91
4.00
3.94
3.84
3.92
3.76
4.13
4.00
4.09
4.02
3.96
3.91
3.95
3.80
3.94
4.07
3.99
3.91
3.99
3.99
4.01
3.88
3.88
4.17
4.07
4.09
4.03
3.87
3.84
4.09
4.17
3.96
4.10
3.93
4.03
3.85
3.81
3.90
3.86
3.74
3.98
3.83
3.79
3.94
3.69
3.81
3.91
3.76
3.69
3.73
3.69
3.57
3.55
3.51
3.74
3.64
3.59
3.57
3.64
3.72
3.72
3.72
3.75
3.65
3.79
3.87
3.95
3.80
3.97
3.78
3.80
3.74
3.79
3.76
3.83
3.93
3.78
3.78
3.88
3.93
3.86
3.86
3.92
3.92
3.83
3.76
3.99
3.98
4.13
4.08
3.81
3.86
4.07
4.11
3.99
4.08
4.33
4.15
4.04
4.17
4.06
4.18
4.22
4.23
3.97
3.95
4.07
3.87
3.97
3.91
4.13
3.99
3.98
3.89
4.31
4.25
4.23
4.41
4.09
4.23
4.18
4.09
4.08
4.06
4.08
4.10
3.89
3.93
4.04
4.14
4.00
4.16
4.11
4.07
3.95
4.10
3.93
4.06
4.20
4.23
4.11
4.04
4.25
4.15
4.47
4.29
4.34
4.28
4.46
4.34
4.45
4.46
4.56
4.53
4.52
4.40
4.56
4.51
4.53
4.39
4.22
4.17
4.24
4.21
4.41
4.47
4.59
4.57
4.48
4.56
4.46
4.52
4.61
4.76
4.68
4.86
4.53
4.71
4.72
4.53
4.59
4.71
4.56
4.29
4.32
4.49
4.45
4.27
4.09
4.25
4.25
4.32
3.94
4.05
4.05
4.25
4.50
4.58
4.69
4.49
4.60
4.35
4.60
4.64
4.68
4.59
4.53
4.60
4.56
4.59
4.37
4.46
4.36
4.51
4.54
4.52
4.24
4.30
4.47
4.42
4.17
4.36
4.20
4.40
4.21
4.08
4.41
4.29
4.23
4.19
4.11
4.11
3.84
4.08
4.15
4.14
4.32
4.32
4.61
4.68
4.69
4.56
4.56
4.39
4.48
4.39
4.41
4.69
4.47
4.61
4.52
4.42
4.45
4.25
4.25
4.31
4.32
4.31
4.29
4.40
4.16
4.32
4.10
4.22
4.16
4.03
4.16
4.31
4.19
4.23
4.35
4.39
4.23
4.18
4.24
4.08
4.08
3.95
3.89
3.93
3.67
3.77
3.92
3.67
3.56
3.68
3.76
3.83
4.05
4.08
3.83
4.01
4.07
4.03
4.02
4.03
4.08
3.91
3.82
3.86
4.08
3.94
4.15
3.98
3.92
3.94
3.86
4.08
4.22
4.12
4.20
4.05
4.08
4.16
3.97
4.13
3.97
3.99
4.19
4.07
4.15
4.11
4.30
4.32
4.53
4.33
4.19
4.35
4.47
4.31
3.96
4.03
4.05
4.27
4.26
4.40
4.17
4.23
4.25
4.07
4.22
4.16
4.06
4.08
4.12
4.27
4.43
4.42
4.37
4.12
4.13
4.14
4.15
4.12
4.20
4.28
4.20
4.05
4.02
4.03
4.03
4.06
3.86
3.86
3.94
3.87
3.89
4.05
4.24
4.27
4.26
4.23
4.27
4.38
4.28
4.38
4.36
4.16
4.29
4.21
4.21
4.22
4.08
3.95
3.93
4.11
4.12
4.13
4.10
4.00
4.03
4.05
4.00
4.10
4.21
4.24
4.15
4.07
4.11
4.01
4.02
4.03
3.91
3.92
4.16
3.96
4.03
3.95
4.11
4.26
3.88
4.21
4.21
4.22
4.27
4.45
4.46
4.20
4.27
4.25
4.11
4.07
4.00
3.99
4.05
4.05
4.04
4.09
4.27
4.41
4.31
4.16
4.36
4.60
4.41
4.18
4.46
4.52
4.51
4.57
4.58
4.59
4.46
4.43
4.54
4.45
4.38
4.21
4.41
4.46
4.64
4.66
4.69
4.71
4.78
4.67
4.50
4.37
4.49
4.28
4.23
4.15
4.07
4.11
3.98
3.97
4.04
4.12
4.17
4.25
4.19
4.15
4.21
4.35
4.43
4.30
4.14
4.14
4.12
4.25
4.42
4.32
4.35
4.19
4.22
4.21
4.14
4.15
4.25
4.38
4.18
4.16
4.30
4.27
4.48
4.39
4.22
4.20
4.42
4.25
4.29
4.22
4.39
4.37
4.49
4.38
4.34
4.60
4.47
4.48
4.50
4.64
4.49
4.41
4.66
4.65
4.59
4.88
4.64
4.83
4.80
4.63
4.64
4.66
4.86
4.66
4.56
4.60
4.59
4.41
4.25
4.23
4.34
4.20
4.42
4.39
4.11
4.45
4.30
4.48
4.48
4.70
4.48
4.57
4.35
4.66
4.63
4.45
4.51
4.53
4.45
4.68
4.54
4.54
4.63
4.52
4.68
4.41
4.40
4.51
4.58
4.62
4.74
4.76
4.81
5.04
4.71
4.80
4.57
4.52
4.66
4.80
4.77
4.82
4.83
4.76
4.55
4.46
4.58
4.60
4.51
4.63
4.36
4.54
4.50
4.57
4.56
4.61
4.56
4.80
4.96
4.85
4.88
4.98
5.15
5.30
5.19
5.06
5.01
5.05
5.02
4.94
4.98
4.84
4.77
4.71
4.83
4.87
4.89
4.77
4.78
4.59
4.43
4.51
4.72
4.58
4.52
4.50
4.59
4.65
4.70
4.72
4.71
4.50
4.48
4.63
4.55
4.51
4.43
4.35
4.11
3.98
4.06
4.09
3.86
4.04
4.20
4.33
4.38
4.12
4.15
4.08
4.15
4.10
4.11
4.29
4.01
4.02
3.88
3.85
3.95
3.85
3.93
3.79
3.91
3.98
3.83
4.03
3.98
3.78
3.86
3.87
3.99
4.00
4.10
4.06
3.94
3.95
4.22
4.00
3.81
4.08
4.18
4.10
4.02
4.07
4.11
4.25
4.18
4.27
4.20
4.24
4.35
4.27
4.14
4.02
4.28
4.18
4.21
4.07
4.15
4.18
4.09
4.27
4.16
4.24
4.34
4.27
4.38
4.50
4.32
4.22
4.21
4.22
4.19
4.47
4.26
4.29
4.21
4.20
4.22
4.33
4.25
4.28
4.42
4.21
4.25
4.12
4.06
4.23
4.30
4.33
4.24
4.27
4.16
3.93
4.13
3.90
3.81
3.91
3.97
4.05
4.16
4.32
4.28
4.37
4.20
4.23
4.22
4.48
4.52
4.72
4.53
4.57
4.65
4.37
4.51
4.35
4.36
4.13
4.05
4.11
4.20
4.30
4.22
4.06
3.96
4.03
4.22
4.32
4.24
4.44
4.43
4.25
4.07
4.06
4.18
4.14
4.15
4.17
4.15
4.17
4.02
4.00
3.96
4.04
4.08
4.02
4.17
4.05
4.36
4.42
4.27
4.30
4.16
4.21
4.24
4.23
4.41
4.36
4.26
4.09
4.15
4.23
3.99
3.88
4.05
4.08
4.05
4.10
3.87
4.00
4.04
4.12
4.20
4.12
4.18
4.02
4.07
4.06
4.16
4.21
4.34
4.37
4.32
4.46
4.26
4.09
4.31
4.18
4.19
4.18
4.25
4.20
4.10
4.16
4.31
4.42
4.34
4.27
4.23
4.22
4.35
4.38
4.00
4.02
4.09
3.98
3.96
3.94
4.09
4.16
4.07
4.01
4.05
3.94
3.87
4.06
4.12
4.09
4.14
3.98
3.89
3.99
3.93
3.94
4.18
4.12
4.05
4.12
4.04
3.90
4.05
4.03
3.95
4.03
4.01
4.15
4.33
4.17
4.11
4.25
4.06
4.06
4.14
4.02
4.02
3.98
4.08
3.98
4.17
4.26
4.44
4.11
4.03
4.21
4.31
4.15
4.03
4.23
4.38
4.20
4.08
4.13
4.14
4.00
4.05
4.13
4.00
4.10
4.04
4.09
4.08
4.13
4.05
4.13
4.08
4.03
4.24
4.22
4.21
4.36
4.22
4.26
4.42
4.47
4.33
4.22
4.33
4.28
4.24
4.35
4.15
4.15
4.21
4.25
4.02
3.97
4.21
4.02
4.13
4.03
4.10
4.10
4.12
3.98
4.14
4.05
4.02
4.20
4.34
4.20
4.39
4.34
4.19
4.18
4.13
4.12
3.94
4.05
4.07
4.22
4.25
4.12
4.21
4.26
4.31
4.32
4.44
4.50
4.45
4.30
4.29
4.52
4.45
4.39
4.31
4.35
4.28
4.78
4.55
4.52
4.33
4.40
4.46
4.34
4.54
4.52
4.42
4.46
4.53
4.42
4.59
4.77
4.95
4.69
4.88
4.84
4.65
4.67
4.76
4.73
4.98
4.77
4.89
4.70
4.81
4.78
4.71
4.65
4.85
4.84
4.92
5.06
4.96
4.96
4.92
5.00
5.02
5.06
4.99
5.05
4.87
4.87
4.95
4.97
4.98
5.06
4.83
4.70
4.86
4.78
4.85
4.82
4.80
4.65
4.74
4.84
4.75
4.78
4.93
4.89
5.03
4.95
5.05
4.77
4.99
4.98
4.82
4.87
4.84
4.97
4.99
5.04
4.80
4.56
4.61
4.75
4.71
4.65
4.45
4.55
4.66
4.43
4.56
4.47
4.54
4.42
4.50
4.63
4.52
4.55
4.50
4.50
4.55
4.56
4.77
4.70
4.69
4.73
4.65
4.59
4.46
4.38
4.65
4.53
4.70
4.81
4.70
4.53
4.89
4.73
4.68
4.76
5.05
5.03
5.09
4.98
5.02
4.93
5.03
4.68
4.77
4.62
4.78
4.72
4.94
4.75
4.82
5.06
4.92
4.86
5.02
5.06
5.13
5.05
5.15
4.95
5.09
4.82
4.94
4.91
4.92
4.84
4.78
4.72
4.73
5.06
4.79
4.99
5.08
5.11
4.94
4.75
4.74
4.74
4.68
4.68
4.80
4.64
4.81
4.73
4.80
4.78
4.82
4.76
4.69
4.45
4.72
4.68
4.58
4.51
4.58
4.51
4.43
4.59
4.40
4.55
4.34
4.62
4.49
4.49
4.52
4.51
4.50
4.41
4.34
4.36
4.21
4.28
4.20
4.10
4.22
4.22
4.38
4.46
4.31
4.32
4.41
4.40
4.16
4.27
4.39
4.14
4.32
4.56
4.57
4.60
4.62
4.41
4.45
4.35
4.57
4.56
4.66
4.63
4.56
4.58
4.40
4.57
4.40
4.41
4.17
4.34
4.21
4.39
4.18
4.23
4.26
4.01
3.94
3.87
3.99
3.83
3.90
3.88
3.69
4.07
3.71
3.81
3.81
3.75
3.80
3.75
3.60
3.72
3.73
3.80
3.68
3.82
3.57
3.67
3.64
3.61
3.71
3.84
3.70
3.59
3.67
3.86
3.71
3.61
3.67
3.59
3.27
3.42
3.40
3.42
3.49
3.29
3.47
3.49
3.55
3.50
3.43
3.54
3.53
3.47
3.48
3.45
3.66
3.48
3.59
3.63
3.54
3.71
3.77
3.91
3.78
3.81
3.67
3.81
3.83
3.78
4.02
3.92
3.88
4.06
4.08
3.92
4.06
4.18
4.15
4.20
4.20
4.32
4.22
4.38
4.28
4.25
4.38
4.29
4.10
4.11
4.30
4.04
4.01
4.21
4.11
4.03
4.05
4.07
4.20
4.23
4.29
4.43
4.26
4.37
4.45
4.37
4.33
4.22
4.37
4.13
4.44
4.29
4.54
4.44
4.34
4.30
4.22
4.24
4.23
4.34
4.33
4.47
4.41
4.35
4.31
4.22
4.24
4.47
4.36
4.33
4.20
4.18
4.34
4.23
4.27
4.36
4.43
4.45
4.29
4.35
4.41
4.35
4.32
4.39
4.23
4.33
4.52
4.43
4.55
4.60
4.86
4.78
4.92
4.80
4.94
4.92
5.00
5.06
4.98
4.99
5.10
4.96
5.03
5.19
5.00
5.05
5.12
5.08
4.94
4.95
4.92
5.09
5.07
4.89
4.90
5.11
5.25
5.27
5.17
5.26
5.37
5.50
5.42
5.09
5.18
5.30
5.31
5.24
5.30
5.35
5.20
5.38
5.20
5.20
5.25
5.30
5.23
5.29
4.94
4.77
4.74
4.95
4.94
4.70
4.66
4.81
4.86
4.84
4.75
4.92
4.83
4.77
4.69
4.70
4.74
4.65
4.67
4.69
4.78
4.58
4.63
4.74
4.50
4.49
4.71
4.57
4.46
4.32
4.48
4.40
4.49
4.45
4.67
4.40
4.65
4.43
4.33
4.34
4.34
4.27
4.34
4.33
4.28
4.28
4.26
4.25
4.28
4.15
4.24
4.19
4.15
4.38
4.39
4.42
4.46
4.47
4.55
4.35
4.53
4.44
4.46
4.60
4.40
4.37
4.47
4.38
4.40
4.31
4.29
4.40
4.42
4.37
4.41
4.45
4.26
4.31
4.27
4.36
4.52
4.38
4.55
4.61
4.51
4.69
4.74
4.52
4.50
4.52
4.32
4.31
4.36
4.57
4.59
4.59
4.52
4.57
4.62
4.57
4.67
4.60
4.50
4.31
4.45
4.56
4.38
4.65
4.56
4.37
4.48
4.61
4.45
4.32
4.44
4.42
4.46
4.44
4.34
4.51
4.52
4.50
4.69
4.47
4.36
4.54
4.46
4.30
4.34
4.36
4.37
4.39
4.54
4.55
4.48
4.26
4.22
4.27
4.19
4.12
4.25
4.43
4.34
4.28
4.40
4.44
4.44
4.39
4.38
4.29
4.28
4.33
4.41
4.36
4.20
4.42
4.59
4.48
4.47
4.58
4.57
4.51
4.44
4.69
4.68
4.65
4.57
4.53
4.89
4.75
4.78
4.71
4.79
4.78
4.78
4.69
4.75
4.53
4.49
4.61
4.40
4.26
4.39
4.43
4.36
4.41
4.47
4.49
4.62
4.57
4.70
4.62
4.63
4.76
4.70
4.60
4.45
4.48
4.50
4.44
4.43
4.57
4.80
4.76
4.65
4.77
4.64
4.63
4.56
4.70
4.64
4.65
4.41
4.54
4.38
4.46
4.47
4.49
4.52
4.67
4.46
4.62
4.53
4.52
4.77
4.69
4.80
4.74
4.74
4.39
4.54
4.56
4.38
4.52
4.47
4.37
4.37
4.43
4.43
4.43
4.52
4.54
4.60
4.65
4.74
4.68
4.77
4.79
4.61
4.69
4.62
4.52
4.49
4.59
4.51
4.57
4.37
4.37
4.49
4.26
4.29
4.32
4.49
4.39
4.64
4.61
4.75
4.63
4.38
4.54
4.55
4.80
4.83
4.73
4.80
4.94
5.03
5.05
4.87
4.96
4.86
4.76
4.76
4.77
4.89
4.86
4.91
4.78
4.73
4.83
4.94
4.92
4.77
4.75
4.87
5.06
5.00
4.83
4.99
5.01
5.08
4.81
4.92
4.86
4.99
4.56
4.49
4.66
4.60
4.79
4.64
4.75
4.90
4.97
4.99
4.76
4.94
4.76
4.79
4.96
5.03
5.04
5.14
4.88
4.96
4.92
4.96
5.10
5.05
5.06
5.13
5.04
5.15
4.85
5.12
5.14
4.89
5.03
4.95
5.13
5.02
5.03
4.98
4.97
4.97
4.88
4.84
4.85
4.84
5.05
4.93
5.00
4.99
4.92
4.76
4.90
4.73
4.65
4.58
4.80
4.66
4.75
4.67
4.51
4.70
4.76
4.55
4.50
4.35
4.51
4.49
4.39
4.65
4.45
4.42
4.59
4.56
4.41
4.34
4.60
4.56
4.47
4.44
4.43
4.63
4.71
4.77
4.59
4.52
4.37
4.43
4.55
4.51
4.71
4.79
4.70
4.78
4.64
4.55
4.54
4.64
4.58
4.75
4.96
4.95
5.01
4.72
4.99
5.01
5.16
5.03
5.06
4.84
5.03
4.98
4.99
4.99
5.18
5.14
5.25
5.27
5.28
5.01
5.15
5.33
5.30
5.37
5.36
5.27
5.09
5.19
5.27
5.29
5.14
5.15
5.26
5.15
5.23
5.19
5.20
5.10
5.06
5.14
5.34
5.09
5.29
5.12
5.33
5.26
5.21
5.25
5.18
5.20
5.15
4.94
4.90
5.11
5.06
5.05
5.17
5.16
5.03
5.09
5.20
5.10
5.16
5.27
5.01
5.05
5.07
5.05
4.92
4.81
4.81
4.83
4.90
4.86
5.03
5.20
5.07
5.06
4.91
4.97
4.74
4.65
4.61
4.63
4.72
4.57
4.70
4.71
4.78
4.76
4.84
4.81
4.71
4.59
4.52
4.41
4.44
4.22
4.30
4.22
4.15
4.24
4.25
4.50
4.34
4.45
4.51
4.50
4.49
4.45
4.47
4.37
4.47
4.59
4.54
4.49
4.51
4.61
4.58
4.49
4.61
4.39
4.49
4.36
4.48
4.48
4.67
4.47
4.46
4.53
4.51
4.59
4.63
4.55
4.30
4.40
4.37
4.51
4.51
4.89
4.89
4.79
4.69
4.96
4.84
4.63
4.76
4.67
4.72
4.51
4.33
4.44
4.26
4.56
4.49
4.46
4.37
4.59
4.49
4.33
4.44
4.50
4.71
4.69
4.59
4.52
4.57
4.52
4.80
4.73
4.61
4.52
4.53
4.44
4.58
4.47
4.39
4.44
4.43
4.39
4.50
4.51
4.61
4.61
4.62
4.50
4.39
4.28
4.50
4.27
4.23
4.18
4.11
4.14
4.48
4.61
4.47
4.52
4.55
4.54
4.37
4.35
4.43
4.40
4.70
4.45
4.70
4.60
4.58
4.82
4.58
4.48
4.49
4.46
4.43
4.32
4.37
4.52
4.34
4.37
4.54
4.60
4.56
4.35
4.16
4.30
4.24
4.35
4.39
4.47
4.27
4.53
4.64
4.64
4.56
4.65
4.68
4.58
4.35
4.50
4.50
4.49
4.49
4.33
4.23
4.19
4.20
4.29
4.27
4.31
4.39
4.25
4.41
4.55
4.54
4.51
4.52
4.49
4.35
4.46
4.55
4.55
4.63
4.67
4.54
4.19
3.93
4.03
4.33
4.24
4.24
4.31
4.44
4.34
4.41
4.36
4.61
4.40
4.57
4.35
4.51
4.59
4.70
4.46
4.70
4.77
4.61
4.72
4.50
4.81
4.60
4.82
4.79
4.76
4.83
4.71
4.71
4.80
4.60
4.78
4.60
4.76
4.83
4.83
4.47
4.75
4.67
4.58
4.42
4.64
4.68
4.50
4.40
4.32
4.16
4.29
4.38
4.37
4.20
4.29
4.25
4.20
4.29
4.33
4.29
4.16
4.29
4.35
4.42
4.41
4.50
4.61
4.70
4.66
4.41
4.68
4.44
4.41
4.28
4.22
4.33
4.41
4.39
4.31
4.41
4.34
4.20
4.38
4.17
4.47
4.37
4.33
4.42
4.42
4.29
4.29
4.26
4.12
4.11
4.05
4.10
4.02
4.04
4.43
4.49
4.48
4.46
4.34
4.40
4.30
4.58
4.46
4.50
4.50
4.57
4.65
4.41
4.43
4.35
4.39
4.46
4.59
4.66
4.47
4.30
4.34
4.19
4.35
4.49
4.56
4.62
4.38
4.52
4.56
4.60
4.47
4.49
4.48
4.49
4.38
4.15
4.11
4.20
4.35
4.09
4.43
4.43
4.23
4.43
4.44
4.41
4.23
4.38
4.52
4.42
4.18
4.29
4.38
4.35
4.49
4.39
4.33
4.26
4.19
4.10
4.10
4.14
4.19
4.26
4.41
4.48
4.47
4.51
4.44
4.25
4.54
4.34
4.47
4.53
4.43
4.49
4.49
4.49
4.45
4.61
4.49
4.40
4.38
4.41
4.46
4.40
4.24
4.16
4.27
4.26
4.32
4.49
4.45
4.52
4.63
4.28
4.60
4.59
4.46
4.52
4.43
4.46
4.41
4.59
4.57
4.71
4.72
4.59
4.63
4.52
4.51
4.42
4.27
4.15
4.30
4.41
4.62
4.53
4.55
4.66
4.58
4.60
4.79
4.71
4.55
4.61
4.66
4.67
4.81
4.50
4.56
4.52
4.50
4.54
4.61
4.45
4.64
4.63
4.72
4.58
4.69
4.81
4.63
4.67
4.61
4.78
4.77
4.78
4.84
4.78
4.69
4.83
4.82
4.90
4.85
4.87
4.65
4.72
4.66
4.55
4.58
4.73
4.62
4.78
4.97
4.75
4.88
4.63
4.59
4.55
4.57
4.55
4.50
4.55
4.46
4.58
4.61
4.75
4.71
4.61
4.56
4.64
4.74
4.53
4.55
4.52
4.59
4.55
4.65
4.71
4.70
4.78
4.62
4.74
4.60
4.47
4.54
4.45
4.39
4.35
4.48
4.59
4.62
4.56
4.69
4.53
4.72
4.65
4.51
4.39
4.40
4.29
4.39
4.46
4.38
4.41
4.30
4.39
4.24
4.50
4.42
4.48
4.54
4.57
4.66
4.63
4.42
4.56
4.54
4.60
4.61
4.62
4.48
4.31
4.59
4.42
4.33
4.41
4.39
4.46
4.33
4.42
4.39
4.36
4.49
4.36
4.37
4.38
4.36
4.45
4.48
4.47
4.32
4.44
4.33
4.45
4.42
4.48
4.48
4.51
4.51
4.30
4.23
4.29
4.15
4.04
4.08
4.11
4.03
4.06
3.96
4.00
3.83
3.93
3.79
3.78
3.78
3.82
3.78
3.79
3.87
3.92
4.06
4.26
4.20
4.36
4.30
4.29
4.48
4.26
4.17
4.12
4.14
4.27
4.12
4.14
4.18
4.04
3.93
4.12
4.26
4.26
4.04
4.34
4.13
4.06
4.00
4.03
4.08
4.29
4.31
4.27
4.29
4.30
4.22
4.25
4.27
4.16
4.18
4.28
4.31
4.26
4.29
4.29
4.27
4.44
4.63
4.46
4.33
4.34
4.32
4.35
4.49
4.61
4.59
4.71
4.38
4.36
4.27
4.50
4.36
4.29
4.28
4.33
4.44
4.43
4.37
4.34
4.28
4.37
4.42
4.54
4.56
4.61
4.42
4.42
4.28
4.23
4.20
4.40
4.15
4.07
4.08
4.29
4.18
4.17
4.35
4.29
4.15
4.29
4.41
4.56
4.78
4.60
4.59
4.65
4.61
4.47
4.54
4.29
4.15
4.20
4.40
4.34
4.01
3.94
3.96
4.10
4.11
4.04
4.07
3.89
3.96
3.90
4.07
3.96
3.92
3.89
3.95
3.95
4.01
3.99
4.12
3.86
3.69
3.90
3.88
3.80
3.92
3.81
3.79
3.84
3.77
3.87
3.96
4.03
4.14
4.10
4.06
3.98
4.03
3.97
3.97
4.02
3.95
4.02
4.20
4.19
4.10
4.15
4.06
4.10
4.12
4.10
4.04
3.98
4.14
4.05
4.15
4.11
4.12
3.88
3.92
3.79
3.96
3.89
3.82
3.81
3.88
3.97
3.95
3.95
3.98
3.94
3.85
3.94
3.86
3.80
3.83
3.90
3.73
3.77
3.83
3.64
3.83
3.96
3.85
3.88
4.01
4.03
4.15
4.14
4.20
4.24
4.20
4.02
4.02
4.05
4.15
4.16
4.09
4.26
4.22
4.39
4.35
4.28
4.44
4.42
4.36
4.46
4.61
4.34
4.35
4.21
4.27
4.06
4.18
4.18
4.08
4.37
4.22
4.21
4.31
4.46
4.44
4.43
4.37
4.10
4.32
4.31
4.18
4.28
4.27
4.43
4.38
4.29
4.52
4.50
4.48
4.61
4.51
4.61
4.53
4.46
4.49
4.60
4.57
4.47
4.68
4.55
4.48
4.66
4.53
4.48
4.57
4.80
4.49
4.36
4.48
4.54
4.56
4.48
4.67
4.77
4.77
4.73
4.75
4.74
4.61
4.62
4.62
4.80
4.77
4.87
4.71
4.68
4.72
4.77
4.79
4.83
4.72
4.73
4.78
4.84
4.75
4.65
4.69
4.85
4.75
4.90
4.59
4.65
4.69
4.71
4.82
4.84
4.74
4.83
4.57
4.64
4.46
4.36
4.48
4.68
4.70
4.45
4.37
4.72
4.69
4.65
4.51
4.52
4.57
4.56
4.57
4.51
4.55
4.35
4.28
4.33
4.34
4.44
4.36
4.37
4.40
4.33
4.27
4.41
4.39
4.28
4.37
4.38
4.51
4.45
4.37
4.51
4.49
4.45
4.54
4.50
4.40
4.44
4.44
4.40
4.26
4.14
4.28
4.38
4.34
4.36
4.09
4.20
4.22
4.22
4.41
4.24
4.60
4.42
4.22
4.42
4.30
4.37
4.15
4.24
4.14
4.28
4.23
4.35
4.15
4.10
4.37
4.28
4.27
4.29
4.33
4.33
4.33
4.53
4.81
4.88
4.55
4.47
4.60
4.68
4.67
4.66
4.51
4.74
4.65
4.59
4.49
4.67
4.45
4.48
4.39
4.29
4.21
4.29
4.16
4.19
4.29
4.25
4.33
4.24
4.28
4.06
4.10
4.12
4.10
4.18
4.27
4.20
4.40
4.36
4.55
4.70
4.66
4.61
4.42
4.51
4.46
4.52
4.59
4.52
4.56
4.46
4.56
4.51
4.40
4.18
4.39
4.27
4.09
4.14
4.12
4.02
4.08
3.79
3.82
3.90
3.98
3.97
4.09
4.41
4.36
4.30
4.16
4.14
4.35
4.18
4.17
4.32
4.01
4.07
4.41
4.31
4.43
4.44
4.44
4.60
4.40
4.26
4.30
4.44
4.45
4.36
4.36
4.47
4.51
4.41
4.58
4.55
4.58
4.53
4.76
4.81
4.70
4.96
5.16
5.19
5.29
5.27
5.08
5.05
5.11
5.19
5.33
5.18
5.15
5.14
5.15
5.17
5.18
5.29
5.19
5.23
5.39
5.36
5.27
5.27
5.29
5.32
5.27
5.36
5.38
5.36
5.28
5.44
5.48
5.44
5.56
5.32
5.11
5.10
5.08
5.19
5.13
5.17
5.09
5.28
5.44
5.24
5.28
5.24
5.44
5.44
5.40
5.44
5.30
5.02
5.00
4.96
5.03
4.88
4.88
4.66
4.71
4.70
4.66
4.49
4.75
4.80
4.79
4.85
4.83
4.70
4.90
4.85
4.90
4.69
4.72
4.77
4.89
4.70
4.90
4.99
4.97
5.01
4.94
5.03
5.02
4.89
4.78
5.03
4.86
4.76
4.89
4.70
4.80
4.55
4.68
4.66
4.67
4.60
4.47
4.55
4.46
4.28
4.48
4.27
4.53
4.48
4.49
4.45
4.58
4.52
4.25
4.50
4.61
4.40
4.39
4.56
4.60
4.53
4.59
4.73
4.68
4.61
4.73
4.67
4.75
4.84
5.06
4.89
5.03
4.89
4.94
4.95
5.00
5.04
5.04
5.02
4.86
4.77
4.85
4.87
4.87
5.03
5.12
5.03
5.07
5.15
5.18
4.90
4.95
4.86
4.89
4.82
4.87
5.02
4.85
4.95
4.93
4.90
4.66
4.89
4.85
4.69
4.93
4.94
4.86
4.91
4.84
4.82
4.92
4.84
4.93
4.90
4.94
5.06
4.83
4.83
4.98
5.19
5.00
5.03
4.87
5.11
4.83
4.68
4.90
4.90
4.98
4.77
4.93
4.88
4.95
4.88
5.02
4.90
4.99
5.03
4.99
5.05
4.90
4.94
5.20
5.27
5.31
5.38
5.54
5.39
5.51
5.38
5.14
5.33
5.30
5.06
5.13
4.96
4.96
4.88
5.00
5.22
5.09
5.02
5.11
5.02
4.89
5.10
4.85
4.93
5.03
4.90
4.97
5.02
4.93
4.89
4.86
4.79
4.72
4.71
4.83
4.76
4.72
4.80
4.95
4.73
4.62
4.73
4.82
4.63
4.76
4.87
4.75
4.70
4.76
4.41
4.44
4.32
4.54
4.55
4.70
4.77
4.74
4.61
4.80
4.80
4.87
5.02
4.99
5.02
4.99
4.93
5.06
5.02
5.08
4.91
5.06
5.03
4.97
4.81
4.85
4.79
4.80
4.72
4.88
4.87
4.82
4.89
4.86
5.00
5.01
5.20
5.08
5.14
5.25
5.19
5.19
5.06
5.09
5.20
5.14
5.07
5.10
4.95
5.18
5.16
5.09
5.12
4.94
4.91
5.01
4.94
5.00
4.94
5.00
4.85
4.61
4.74
4.84
5.05
4.72
4.83
4.77
4.95
4.79
4.87
4.93
4.76
4.88
4.77
4.70
4.63
5.00
5.16
5.09
5.22
5.02
5.12
5.23
5.10
5.18
5.07
5.17
5.07
4.98
4.99
4.95
5.16
5.21
5.22
5.21
5.37
5.21
5.22
5.12
5.15
5.12
5.17
5.12
5.39
5.28
5.21
5.35
5.19
5.20
5.19
5.25
5.23
5.51
5.51
5.58
5.48
5.61
5.49
5.41
5.58
5.28
5.31
5.34
5.17
5.25
5.18
5.28
5.21
5.33
5.31
5.26
5.41
5.42
5.52
5.49
5.29
5.15
5.15
5.03
5.17
5.33
5.07
5.12
5.14
5.40
5.29
5.20
5.11
5.19
5.32
5.30
5.49
5.73
5.53
5.66
5.24
5.21
5.29
5.33
5.41
5.15
5.08
5.17
5.12
5.27
5.37
5.02
5.15
5.04
5.14
5.32
5.22
5.12
5.25
5.39
5.40
5.54
5.60
5.56
5.38
5.29
5.39
5.43
5.54
5.51
5.26
5.57
5.64
5.52
5.54
5.28
5.45
5.63
5.58
5.51
5.71
5.87
5.72
5.72
5.53
5.55
5.39
5.32
5.54
5.66
5.68
5.61
5.50
5.39
5.23
5.17
5.14
5.17
5.09
5.21
5.11
5.32
5.28
5.33
5.18
5.04
5.02
4.99
5.00
4.88
5.07
5.21
5.13
5.24
5.18
5.03
5.26
5.08
5.16
5.07
5.07
5.08
5.04
5.13
5.00
4.95
5.00
4.95
5.12
5.11
5.29
5.28
5.19
5.12
5.29
5.28
5.25
5.38
5.36
5.24
5.43
5.35
5.27
5.36
5.22
5.31
5.33
5.26
5.36
5.49
5.36
5.31
5.28
5.45
5.51
5.34
5.25
5.23
5.15
5.28
5.23
5.06
5.20
5.32
5.16
5.22
5.37
5.39
5.44
5.28
5.39
5.51
5.28
5.13
5.09
5.01
5.12
5.26
5.00
5.05
5.04
5.13
5.12
5.08
4.99
5.21
5.16
5.09
5.18
5.14
5.41
5.26
5.38
5.30
5.40
5.06
5.26
5.26
5.15
5.15
5.14
5.12
5.35
5.23
5.14
5.05
5.14
5.35
5.10
5.11
5.04
5.27
5.36
5.14
5.45
5.34
5.37
5.52
5.43
5.49
5.51
5.51
5.44
5.52
5.63
5.62
5.57
5.70
5.47
5.64
5.59
5.69
5.66
5.51
5.30
5.35
5.43
5.35
5.48
5.16
5.11
5.43
5.21
5.24
5.22
5.16
4.93
5.05
5.06
5.29
5.30
5.46
5.54
5.30
5.34
5.30
5.11
5.12
5.10
5.01
4.99
5.07
5.30
5.20
5.15
5.12
5.24
5.04
5.20
5.19
5.22
5.02
5.19
5.18
5.14
5.15
5.11
4.87
4.87
5.04
5.00
5.16
5.07
5.24
5.17
5.04
5.12
4.99
5.02
4.89
5.03
5.08
5.03
5.25
5.18
5.14
5.29
4.98
5.00
5.15
4.98
5.02
4.95
4.93
4.97
5.12
5.25
5.18
5.18
5.13
5.44
5.56
5.63
5.60
5.43
5.42
5.53
5.69
5.44
5.43
5.56
5.50
5.52
5.55
5.49
5.49
5.36
5.23
5.30
5.31
5.35
5.44
5.42
5.42
5.36
5.34
5.38
5.36
5.13
5.40
5.09
5.05
4.99
4.88
5.15
5.09
5.14
5.29
5.31
5.27
5.37
5.40
5.28
5.26
5.22
5.35
5.28
5.19
5.12
5.15
5.31
5.27
5.24
5.17
5.34
5.32
5.31
5.31
5.33
5.35
5.38
5.31
5.10
5.34
5.38
5.15
5.20
5.08
5.37
5.08
5.16
5.16
5.18
5.26
5.19
5.17
5.12
5.09
5.00
4.91
5.09
5.15
4.97
5.07
5.10
5.19
5.03
4.89
5.01
5.18
5.12
5.24
5.37
5.11
5.13
5.19
5.00
5.02
5.08
5.07
5.11
5.08
5.07
5.03
4.98
5.13
5.31
5.33
5.41
5.37
5.48
5.48
5.53
5.54
5.54
5.16
5.34
5.37
5.23
5.50
5.33
5.47
5.17
5.31
5.59
5.48
5.34
5.35
5.32
5.38
5.45
5.55
5.47
5.30
5.35
5.53
5.50
5.56
5.61
5.40
5.42
5.56
5.62
5.59
5.63
5.63
5.46
5.55
5.58
5.48
5.37
5.52
5.53
5.37
5.33
5.36
5.30
5.43
5.40
5.38
5.37
5.47
5.51
5.51
5.43
5.23
5.19
5.25
5.13
5.06
5.13
4.95
5.15
5.11
5.16
5.19
5.17
5.18
5.18
5.31
5.07
5.14
5.08
4.95
4.96
4.96
4.99
5.07
5.13
5.13
5.17
5.31
5.55
5.41
5.21
5.22
5.24
5.31
5.34
5.36
5.22
5.00
5.21
4.99
5.18
5.47
5.26
5.29
5.33
5.41
5.57
5.59
5.44
5.55
5.31
5.21
5.17
5.29
5.40
5.24
5.22
5.50
5.48
5.36
5.44
5.38
5.41
5.46
5.24
5.46
5.57
5.64
5.53
5.68
5.63
5.72
5.79
5.70
5.61
5.64
5.72
5.73
5.54
5.54
5.54
5.55
5.40
5.58
5.53
5.55
5.66
5.66
5.54
5.64
5.62
5.66
5.60
5.81
5.57
5.35
5.32
5.21
5.20
5.29
5.19
5.60
5.44
5.59
5.47
5.50
5.44
5.43
5.40
5.16
5.45
5.44
5.44
5.49
5.53
5.44
5.54
5.51
5.59
5.49
5.48
5.29
5.23
5.25
5.37
5.28
5.32
5.42
5.36
5.43
5.21
5.23
5.31
5.32
5.22
5.29
5.30
5.17
5.17
5.37
5.11
5.14
5.06
5.27
5.13
5.10
4.88
5.00
4.84
4.85
4.81
4.94
4.98
4.70
4.96
4.75
4.88
4.67
4.53
4.66
4.71
4.62
4.95
5.05
5.10
5.04
5.09
5.17
5.20
5.20
5.20
5.27
5.24
5.35
5.39
5.12
5.02
5.08
5.14
5.08
5.21
5.41
5.26
5.29
5.02
5.34
5.44
5.40
5.39
5.27
5.25
5.31
5.41
5.50
5.32
5.31
5.30
5.26
5.16
5.31
5.22
5.34
5.28
5.34
5.38
5.28
5.23
5.27
5.59
5.35
5.42
5.39
5.39
5.31
5.29
5.32
5.30
5.33
5.60
5.52
5.47
5.62
5.40
5.36
5.44
5.24
5.07
4.95
5.13
5.12
5.10
5.10
5.07
5.12
5.14
5.11
5.34
5.41
5.30
5.32
5.32
5.24
5.20
5.31
5.23
5.11
5.32
5.23
5.18
5.25
5.21
5.18
5.36
5.26
5.23
5.43
5.25
5.25
5.04
5.08
4.98
5.04
4.83
4.79
5.09
5.24
5.14
5.36
5.24
5.37
5.36
5.44
5.45
5.27
5.16
5.29
5.12
5.09
5.22
5.28
5.49
5.54
5.55
5.39
5.48
5.45
5.41
5.44
5.35
5.62
5.55
5.44
5.54
5.46
5.59
5.58
5.52
5.50
5.70
5.56
5.64
5.61
5.33
5.81
5.64
5.51
5.45
5.45
5.50
5.65
5.54
5.65
5.66
5.73
5.71
5.61
5.75
5.79
5.47
5.42
5.69
5.67
5.52
5.58
5.75
5.68
5.61
5.66
5.66
5.58
5.49
5.56
5.54
5.34
5.51
5.57
5.70
5.58
5.53
5.64
5.42
5.53
5.56
5.65
5.44
5.48
5.63
5.51
5.48
5.60
5.61
5.51
5.51
5.43
5.34
5.28
5.20
5.15
5.43
5.31
5.30
5.41
5.44
5.26
5.40
5.50
5.57
5.61
5.57
5.38
5.57
5.62
5.78
5.74
5.80
5.83
5.86
5.56
5.47
5.40
5.29
5.59
5.45
5.39
5.22
5.36
5.57
5.70
5.45
5.48
5.60
5.76
5.85
5.85
5.78
5.78
5.74
5.80
5.73
5.57
5.69
5.57
5.47
5.45
5.62
5.67
5.74
5.83
5.86
5.67
5.73
5.70
5.92
5.88
5.81
5.67
5.81
5.83
5.69
5.89
5.81
5.94
5.81
5.64
5.73
5.77
5.52
5.51
5.59
5.81
5.56
5.56
5.52
5.59
5.38
5.57
5.54
5.55
5.79
5.78
5.71
5.59
5.65
5.52
5.69
5.58
5.65
5.41
5.48
5.44
5.66
5.56
5.62
5.45
5.36
5.23
5.07
5.16
5.11
5.18
5.31
5.26
5.45
5.36
5.14
5.30
5.47
5.38
5.36
5.21
5.13
5.16
5.14
5.08
5.19
5.26
5.25
5.33
5.30
5.35
5.29
5.41
5.43
5.38
5.20
5.32
5.32
5.22
5.25
5.45
5.39
5.44
5.58
5.59
5.12
5.16
5.15
5.37
5.27
5.36
5.23
5.31
5.16
5.26
5.62
5.48
5.45
5.40
5.50
5.44
5.44
5.42
5.37
5.31
5.27
5.47
5.63
5.43
5.34
5.36
5.41
5.46
5.26
5.19
5.29
5.21
5.23
5.11
5.16
5.09
5.19
5.08
5.04
5.17
5.03
4.98
5.00
5.23
5.10
5.12
5.07
5.14
5.19
5.19
5.16
5.02
5.11
5.11
5.01
5.13
5.08
5.04
4.88
4.87
4.89
5.05
5.12
5.07
5.05
5.14
5.05
4.99
4.93
4.95
4.93
4.98
5.12
4.94
5.14
5.02
4.98
5.22
5.23
5.21
4.97
5.17
5.13
5.26
5.14
5.15
5.28
5.11
5.10
4.94
4.94
4.92
5.09
5.06
4.99
4.88
4.87
4.92
4.80
4.85
4.90
4.74
4.83
4.98
5.03
4.92
4.65
4.76
4.91
5.01
4.83
4.88
4.95
4.93
5.05
4.71
4.61
4.65
4.95
4.83
4.97
4.95
5.12
5.03
5.14
5.07
5.13
5.22
5.32
5.30
5.30
5.22
5.23
5.27
5.42
5.42
5.38
5.51
5.50
5.52
5.70
5.63
5.54
5.29
5.34
5.34
5.17
5.14
5.07
5.16
5.16
5.24
5.28
5.43
5.24
5.13
5.21
5.42
5.26
5.20
5.25
5.26
5.34
5.07
5.09
5.26
5.10
5.15
5.10
5.17
5.19
4.98
5.06
5.02
4.98
5.12
5.09
5.04
5.12
4.96
5.05
5.06
5.06
4.98
5.02
5.11
5.13
5.14
5.18
5.30
5.36
5.48
5.41
5.40
5.26
4.95
5.33
5.08
5.13
5.07
5.12
5.27
5.26
5.27
5.36
5.30
5.36
5.29
5.48
5.52
5.25
5.23
5.25
5.38
5.25
5.31
5.16
5.21
5.28
5.25
5.34
5.08
5.15
5.31
5.31
5.39
5.34
5.25
5.18
5.32
5.37
5.43
5.14
5.17
5.30
5.30
5.13
5.13
5.24
5.30
5.28
5.02
5.19
4.95
5.09
5.00
5.02
4.93
4.98
4.80
4.92
5.13
4.85
5.18
5.22
5.16
5.16
5.25
5.40
5.37
5.36
4.98
5.02
5.09
5.12
5.29
5.43
5.20
5.35
5.23
5.25
5.02
5.24
5.09
5.17
5.00
4.98
5.02
5.03
4.97
5.04
4.94
4.91
4.87
4.99
4.89
4.75
4.83
4.70
4.76
4.68
4.73
4.76
4.63
4.82
4.95
5.00
4.90
4.89
5.03
4.98
5.05
4.98
5.01
5.05
5.06
5.22
5.08
5.06
5.19
5.06
5.03
5.31
5.08
5.24
5.12
5.29
5.22
5.21
5.15
5.13
5.14
5.27
5.33
5.31
5.54
5.34
5.33
5.14
5.32
5.51
5.51
5.38
5.26
5.34
5.25
5.26
5.46
5.31
5.41
5.23
5.24
5.23
5.30
5.24
5.11
5.23
5.14
5.14
5.09
5.04
4.89
5.00
4.96
4.99
5.01
4.89
4.94
5.15
5.10
4.99
4.99
5.00
5.00
4.95
5.02
5.14
4.99
5.01
4.76
5.00
4.84
4.79
4.82
4.85
4.89
4.91
4.92
4.90
4.88
4.99
5.03
4.91
4.96
5.06
5.08
5.13
5.21
4.94
5.01
4.92
4.97
5.07
5.16
5.13
5.09
5.11
5.07
5.04
4.86
4.92
5.10
5.19
5.18
5.16
5.29
5.16
5.10
5.05
4.99
5.12
5.16
5.11
5.01
5.18
5.12
5.33
5.43
5.24
5.18
5.12
5.27
5.30
5.19
5.14
5.22
5.19
5.49
5.50
5.43
5.32
5.38
5.38
5.36
5.37
5.27
5.25
5.39
5.28
5.31
5.27
5.09
5.14
4.89
4.84
4.75
4.93
4.97
4.89
4.80
5.06
5.13
5.04
5.25
5.07
5.15
5.11
5.09
5.11
5.01
5.00
4.95
4.83
5.07
4.99
4.94
4.90
4.76
4.77
4.87
4.81
4.66
4.94
4.74
4.82
4.78
4.97
5.02
5.15
5.22
5.18
5.08
5.10
5.03
5.09
5.07
4.93
4.97
4.89
4.88
4.84
4.77
4.66
4.92
4.92
5.09
4.99
5.16
4.95
4.92
4.91
4.76
5.02
4.96
5.04
4.96
4.97
5.21
4.99
5.05
5.13
5.07
5.16
5.33
5.24
5.02
4.93
4.86
4.89
4.85
4.89
5.09
5.14
4.92
4.87
4.88
4.89
5.11
5.05
5.11
5.16
4.99
4.92
4.98
4.87
5.03
4.97
4.96
5.08
4.84
4.74
4.88
5.03
4.99
5.14
5.14
5.20
5.03
5.06
5.04
4.99
4.99
4.62
4.83
4.85
4.82
4.80
4.84
4.86
5.01
4.82
4.69
4.88
5.16
4.98
5.06
4.83
4.86
4.90
4.94
4.79
4.96
4.94
4.95
4.75
4.87
4.88
4.87
4.74
4.68
4.74
4.74
4.72
4.82
4.99
5.00
4.88
4.97
5.04
4.92
4.98
4.79
4.70
4.67
4.78
4.66
4.89
5.08
4.71
4.88
5.03
5.11
5.11
5.12
5.25
5.04
5.04
4.91
4.92
4.83
4.90
5.06
5.07
5.01
5.17
5.16
5.09
4.94
4.94
4.99
5.03
4.97
5.12
4.93
4.90
4.91
4.93
4.80
4.92
4.80
4.95
4.82
4.95
4.87
4.59
4.66
4.73
4.60
4.67
4.71
4.60
4.83
4.71
4.64
4.81
4.71
4.75
4.60
4.61
4.54
4.57
4.46
4.73
4.57
4.68
4.96
4.76
4.80
4.86
4.88
4.84
4.79
4.80
5.09
5.02
5.07
5.06
5.20
5.18
5.11
5.20
5.31
5.19
5.09
5.09
4.80
4.83
4.90
4.84
4.89
5.07
5.05
5.24
5.30
5.23
5.21
5.21
5.08
4.81
4.95
4.98
4.86
4.86
5.00
5.12
5.03
5.05
4.93
5.07
5.17
5.00
4.82
4.61
4.68
4.71
4.59
4.54
4.59
4.54
4.49
4.55
4.49
4.61
4.70
4.62
4.78
4.86
5.03
4.71
4.91
5.06
4.99
4.99
4.86
4.92
4.81
4.75
4.94
4.90
5.08
4.80
4.94
4.87
4.86
4.84
4.84
4.76
4.59
4.66
4.69
4.68
4.54
4.81
4.81
4.73
4.63
4.26
4.67
4.63
4.78
4.52
4.60
4.80
4.75
4.81
4.66
4.73
4.95
4.82
4.95
4.84
4.86
4.87
4.86
4.89
4.94
4.74
4.73
4.62
4.77
4.81
4.75
4.98
4.84
4.88
4.80
4.87
4.86
4.82
4.62
4.50
4.81
4.70
4.61
4.71
4.80
4.45
4.73
4.72
4.71
4.83
5.07
4.92
4.67
4.84
4.56
4.66
4.52
4.65
4.60
4.57
4.35
4.59
4.42
4.61
4.61
4.87
4.88
4.80
4.80
4.81
4.76
4.71
4.87
4.69
4.79
4.82
4.80
4.90
4.87
4.73
4.94
4.96
4.79
4.86
4.81
4.81
4.66
4.69
4.70
4.64
4.79
4.72
4.75
4.88
4.91
4.66
4.83
4.90
5.05
4.85
4.85
4.93
4.71
4.65
4.82
4.76
4.70
4.98
4.79
4.93
4.84
4.85
4.90
4.96
4.82
4.87
5.01
4.98
4.89
4.98
4.92
5.14
5.10
5.29
4.96
4.89
4.90
4.90
4.89
5.03
4.86
5.11
5.23
5.12
5.12
5.15
5.32
5.27
5.24
5.12
5.20
5.32
5.17
5.26
5.25
5.44
5.14
5.20
5.16
5.28
5.08
5.16
5.30
5.32
5.21
5.05
5.05
5.22
5.10
5.16
4.92
5.01
5.03
4.96
4.82
4.99
5.09
5.04
5.12
4.91
4.83
4.84
4.87
4.93
4.84
4.57
4.57
4.53
4.53
4.40
4.56
4.47
4.59
4.47
4.67
4.62
4.67
4.50
4.58
4.50
4.74
4.67
4.73
4.80
4.83
4.81
4.80
4.87
4.73
4.98
4.80
4.81
4.72
4.69
4.67
4.75
4.52
4.41
4.81
4.77
4.75
4.79
4.81
4.74
4.80
4.74
4.62
4.78
4.74
4.89
4.71
4.76
4.88
4.67
4.64
4.62
4.77
4.58
4.70
4.56
4.67
4.49
4.54
4.74
4.73
4.83
4.77
5.00
5.03
5.02
5.00
4.97
4.93
5.03
5.02
4.96
5.12
5.22
5.09
4.96
5.31
5.04
5.05
5.12
5.05
4.82
4.83
4.89
4.83
4.65
4.54
4.60
4.74
4.67
4.61
4.58
4.56
4.58
4.59
4.78
4.66
4.72
4.68
4.72
4.79
4.80
4.78
4.61
4.63
4.66
4.64
4.76
4.71
4.74
4.65
4.53
4.71
4.72
4.77
4.73
4.65
4.58
4.62
4.68
4.60
4.51
4.47
4.39
4.44
4.55
4.53
4.79
4.92
4.99
4.83
4.82
4.97
4.89
5.00
4.87
4.79
4.68
4.82
4.80
5.07
4.99
4.80
4.94
4.85
4.84
4.69
4.72
4.62
4.71
4.76
4.73
4.68
4.59
4.86
4.74
5.05
4.83
4.99
4.97
5.09
4.91
4.86
4.93
4.88
4.80
4.77
4.74
4.91
5.12
5.01
5.10
4.93
4.87
4.91
4.77
4.85
4.93
4.81
4.77
4.75
4.71
4.79
4.87
4.81
4.89
4.96
4.90
4.90
4.67
4.67
4.88
4.67
4.81
4.91
5.13
5.03
5.18
4.94
5.13
5.10
5.05
5.09
5.17
5.12
5.07
5.24
5.31
5.12
5.31
5.30
5.31
5.39
5.34
5.34
5.40
5.38
5.37
5.49
5.52
5.46
5.47
5.42
5.41
5.27
5.52
5.45
5.42
5.24
5.19
5.04
5.13
5.38
5.31
5.29
5.24
5.26
5.01
5.06
5.12
5.23
5.08
5.13
5.15
5.25
5.27
5.38
5.43
5.37
5.32
5.39
5.19
5.26
5.30
5.29
5.34
5.27
5.26
5.25
5.10
5.16
5.09
5.13
4.90
4.83
5.17
4.96
4.93
5.09
5.13
5.03
5.01
4.94
4.98
4.93
4.94
5.06
5.03
5.05
5.06
5.11
5.03
5.33
5.14
4.92
5.02
5.15
5.24
5.17
5.14
5.15
5.23
5.11
5.23
5.19
5.10
5.12
5.03
4.97
5.05
5.01
4.88
4.82
4.86
4.93
4.92
4.83
4.97
4.82
4.80
5.06
4.89
4.67
4.80
4.70
4.74
4.84
4.93
5.00
4.90
4.86
4.83
4.83
4.76
4.71
4.72
4.80
4.70
4.84
4.74
4.88
4.76
4.91
4.83
4.78
5.07
4.92
5.10
5.16
5.12
5.25
5.17
5.21
5.03
4.84
4.99
5.08
5.32
5.26
5.14
5.02
4.99
5.17
5.08
5.20
